'211',700,53000,,'',0,7000,,'',0,3000,,'',0,7000,,'',0,3000,,'',0,1500,,'',0,5500,,'',0,1500,,'',0,1500,,'',0,1500,,'',0,5500,,'',0,1500,,'',0,1500,,'',0,1500,,'',0,5500,,'',0,1500,,'',0,1500,,'',0,1500,,'',0,5500,,'',0,1500,,'',0,1500,,'',0,1500,,'',0,5500,,'',0,1500,,'',0,1500,,'',0,1500,,'',0,5500,,'',0,1500,,'',0,1500,,'',0,1500,,'',0,5500,,'',0,1500,,'',0,1500,,'',0,1500,,'',0,5500,,'',0,1500,,'',0,1500,,'',0,1500,,'',0,5500,,'',0,1500,,'',0,1500,,'',0,1500,,'',0,5500,,'',0,1500,,'',0,1500,,'',0,1500,,'',0,5500,,'',0,3000,,'',0,7000,,'',0,3000,,'',0,7000,,'',0,3000,,'',0,7000,,'',0,3000,,'',0,8500,,'',0
'211',701,54200,4,'',0,7000,4,'',0,3100,4,'',0,7100,4,'',0,3200,4,'',0,7000,4,'',0,3200,4,'',0,5500,4,'',0,1500,4,'',0,1500,4,'',0,1500,4,'',0,5500,4,'',0,1500,4,'',0,1500,4,'',0,1600,4,'',0,5500,4,'',0,1500,4,'',0,1500,4,'',0,1500,4,'',0,5600,4,'',0,1500,4,'',0,1600,4,'',0,1500,4,'',0,5500,4,'',0,1600,4,'',0,1500,4,'',0,1500,4,'',0,5500,4,'',0,1500,4,'',0,1500,4,'',0,1500,4,'',0,5500,4,'',0,1500,4,'',0,1500,4,'',0,1500,4,'',0,5500,4,'',0,1500,4,'',0,1500,4,'',0,1500,4,'',0,5500,4,'',0,1500,4,'',0,1400,4,'',0,1400,4,'',0,5400,4,'',0,1600,4,'',0,1500,4,'',0,1300,4,'',0,6800,4,'',0,2800,4,'',0,7000,4,'',0,2800,4,'',0,6600,4,'',0,3000,4,'',0,7000,4,'',0,4800,4,'',0
'212',700,70000,,'',0,10000,,'',0,3000,,'',0,7000,,'',0,3000,,'',0,7000,,'',0,3000,,'',0,7000,,'',0,2000,,'',0,2000,,'',0,6000,,'',0,2000,,'',0,2000,,'',0,6000,,'',0,2000,,'',0,2000,,'',0,6000,,'',0,2000,,'',0,2000,,'',0,6000,,'',0,2000,,'',0,2000,,'',0,6000,,'',0,3000,,'',0,7000,,'',0,3000,,'',0,7000,,'',0,3000,,'',0,7000,,'',0,3000,,'',0,7000,,'',0,3000,,'',0,7000,,'',0,1500,,'',0
'212',701,74700,4,'',0,10100,4,'',0,7000,4,'',0,2900,4,'',0,7000,4,'',0,3200,4,'',0,7200,4,'',0,3000,4,'',0,6000,4,'',0,2100,4,'',0,2000,4,'',0,5900,4,'',0,2000,4,'',0,2000,4,'',0,6000,4,'',0,2100,4,'',0,2000,4,'',0,5900,4,'',0,2000,4,'',0,2100,4,'',0,6100,4,'',0,1800,4,'',0,1900,4,'',0,7000,4,'',0,3000,4,'',0,7100,4,'',0,2700,4,'',0,7000,4,'',0,2900,4,'',0,7000,4,'',0,2800,4,'',0,6400,4,'',0,2900,4,'',0
'213',700,70000,,'',0,10000,,'',0,10000,,'',0,10000,,'',0,3000,,'',0,7000,,'',0,3000,,'',0,7000,,'',0,3000,,'',0,7000,,'',0,3000,,'',0,7000,,'',0,3000,,'',0,7000,,'',0,3000,,'',0,7000,,'',0,3000,,'',0,7000,,'',0,3000,,'',0,7000,,'',0,3000,,'',0,7000,,'',0,10000,,'',0,10000,,'',0
'213',701,74000,4,'',0,10000,4,'',0,10600,4,'',0,10000,4,'',0,7000,4,'',0,2800,4,'',0,7200,4,'',0,3100,4,'',0,7000,4,'',0,3000,4,'',0,7000,4,'',0,3100,4,'',0,6900,4,'',0,3000,4,'',0,7000,4,'',0,3000,4,'',0,7000,4,'',0,2900,4,'',0,6800,4,'',0,3000,4,'',0,7000,4,'',0,2800,4,'',0,9900,4,'',0,9900,4,'',0
'211',2900,53000,,'',0,7000,,'',0,3000,,'',0,7000,,'',0,3000,,'',0,7000,,'',0,3000,,'',0,7000,,'',0,3000,,'',0,7000,,'',0,3000,,'',0,7000,,'',0,3000,,'',0,7000,,'',0,3000,,'',0,7000,,'',0,3000,,'',0,7000,,'',0,3000,,'',0,7000,,'',0,3000,,'',0,7000,,'',0,3000,,'',0,7000,,'',0,3000,,'',0,7000,,'',0,3000,,'',0,7000,,'',0,10000,,'',0,10000,,'',0,11500,,'',0
'211',2901,62000,4,'',0,3100,4,'',0,7000,4,'',0,3000,4,'',0,7000,4,'',0,3100,4,'',0,7000,4,'',0,3200,4,'',0,7000,4,'',0,2900,4,'',0,6700,4,'',0,3100,4,'',0,7200,4,'',0,2800,4,'',0,7000,4,'',0,3100,4,'',0,7000,4,'',0,3000,4,'',0,7000,4,'',0,2500,4,'',0,7900,4,'',0,2900,4,'',0,7000,4,'',0,2900,4,'',0,7000,4,'',0,2700,4,'',0,7000,4,'',0,3000,4,'',0,10000,4,'',0,9800,4,'',0,10100,4,'',0
'212',2900,74500,,'',0,8500,,'',0,8500,,'',0,8500,,'',0,4500,,'',0,8500,,'',0,8500,,'',0,8500,,'',0,4500,,'',0,8500,,'',0,8500,,'',0,8500,,'',0,4500,,'',0,8500,,'',0,8500,,'',0,8500,,'',0,10000,,'',0
'212',2901,85300,4,'',0,8600,4,'',0,8600,4,'',0,8500,4,'',0,4300,4,'',0,8500,4,'',0,8500,4,'',0,8500,4,'',0,4500,4,'',0,8500,4,'',0,9000,4,'',0,8500,4,'',0,4300,4,'',0,8200,4,'',0,8300,4,'',0,8500,4,'',0,4500,4,'',0
'213',2900,80000,,'',0,4500,,'',0,8500,,'',0,8500,,'',0,8500,,'',0,4500,,'',0,8500,,'',0,8500,,'',0,4000,,'',0,9000,,'',0,8500,,'',0,8500,,'',0,8500,,'',0,4500,,'',0,8500,,'',0,8500,,'',0,8500,,'',0
'213',2901,85000,4,'',0,8600,4,'',0,8500,4,'',0,8400,4,'',0,4700,4,'',0,8100,4,'',0,8500,4,'',0,8500,4,'',0,4500,4,'',0,9000,4,'',0,8000,4,'',0,8900,4,'',0,4700,4,'',0,8200,4,'',0,8400,4,'',0,8500,4,'',0,4500,4,'',0
