'223',200,52200,4,'',0,10400,4,'',0,8500,4,'',0,3500,4,'',0,7500,4,'',0,3500,4,'',0,7500,4,'',0,7500,4,'',0,4900,4,'',0,7100,4,'',0,2500,4,'',0,7500,4,'',0,7500,4,'',0,3500,4,'',0,7500,4,'',0,3600,4,'',0,7500,4,'',0,3000,4,'',0,8000,4,'',0,7500,4,'',0,3500,4,'',0,9000,4,'',0,7900,4,'',0,4500,4,'',0,8500,4,'',0
'223',201,45500,,'',0,14500,,'',0,4500,,'',0,7500,,'',0,3500,,'',0,7500,,'',0,7500,,'',0,3500,,'',0,9000,,'',0,7000,,'',0,2500,,'',0,7500,,'',0,3500,,'',0,7500,,'',0,3500,,'',0,7500,,'',0,3500,,'',0,7000,,'',0,8000,,'',0,3500,,'',0,7500,,'',0,9000,,'',0,4000,,'',0,8500,,'',0,8500,,'',0
'224',200,92400,4,'',0,8500,4,'',0,4500,4,'',0,8500,4,'',0,8500,4,'',0,8500,4,'',0,4500,4,'',0,8500,4,'',0,8500,4,'',0,8500,4,'',0,4500,4,'',0,8500,4,'',0,8500,4,'',0,8500,4,'',0,4500,4,'',0
'224',201,90000,,'',0,4500,,'',0,8500,,'',0,8500,,'',0,8500,,'',0,4500,,'',0,8500,,'',0,8500,,'',0,8500,,'',0,4500,,'',0,8500,,'',0,8500,,'',0,8500,,'',0,4500,,'',0,8500,,'',0
'225',200,100800,4,'',0,4500,4,'',0,8500,4,'',0,8500,4,'',0,8500,4,'',0,4500,4,'',0,8500,4,'',0,8500,4,'',0,8500,4,'',0,4500,4,'',0,8500,4,'',0,8500,4,'',0,8500,4,'',0,4500,4,'',0
'225',201,94500,,'',0,8500,,'',0,8500,,'',0,8500,,'',0,4500,,'',0,8500,,'',0,8500,,'',0,8500,,'',0,4500,,'',0,8500,,'',0,8500,,'',0,8500,,'',0,4500,,'',0,8500,,'',0
'223',700,50000,,'',0,3000,,'',0,7000,,'',0,2000,,'',0,2000,,'',0,6000,,'',0,1500,,'',0,1500,,'',0,1500,,'',0,5500,,'',0,1500,,'',0,1500,,'',0,1500,,'',0,5500,,'',0,1500,,'',0,1500,,'',0,1500,,'',0,5500,,'',0,1500,,'',0,1500,,'',0,1500,,'',0,5500,,'',0,1500,,'',0,1500,,'',0,1500,,'',0,5500,,'',0,1500,,'',0,1500,,'',0,1500,,'',0,5500,,'',0,1500,,'',0,1500,,'',0,1500,,'',0,5500,,'',0,1500,,'',0,1500,,'',0,1500,,'',0,5500,,'',0,1500,,'',0,1500,,'',0,1500,,'',0,5500,,'',0,1500,,'',0,1500,,'',0,1500,,'',0,5500,,'',0,1500,,'',0,1500,,'',0,1500,,'',0,5500,,'',0,3000,,'',0,7000,,'',0,3000,,'',0,7000,,'',0,3000,,'',0,7000,,'',0,3000,,'',0,8500,,'',0
'223',701,54200,4,'',0,7000,4,'',0,3300,4,'',0,6000,4,'',0,2000,4,'',0,2100,4,'',0,5500,4,'',0,1500,4,'',0,1500,4,'',0,1700,4,'',0,5500,4,'',0,1500,4,'',0,1500,4,'',0,1500,4,'',0,5500,4,'',0,1500,4,'',0,1500,4,'',0,1500,4,'',0,5700,4,'',0,1500,4,'',0,1500,4,'',0,1500,4,'',0,5700,4,'',0,1500,4,'',0,1600,4,'',0,1500,4,'',0,5500,4,'',0,1500,4,'',0,1500,4,'',0,1600,4,'',0,5500,4,'',0,1500,4,'',0,1500,4,'',0,1500,4,'',0,5500,4,'',0,1500,4,'',0,1500,4,'',0,1400,4,'',0,5600,4,'',0,1500,4,'',0,1500,4,'',0,1500,4,'',0,5500,4,'',0,1400,4,'',0,1500,4,'',0,1400,4,'',0,5500,4,'',0,1400,4,'',0,1500,4,'',0,1300,4,'',0,6800,4,'',0,2700,4,'',0,7000,4,'',0,3000,4,'',0,6700,4,'',0,2700,4,'',0,7000,4,'',0,4800,4,'',0
'224',700,70000,,'',0,10000,,'',0,3000,,'',0,7000,,'',0,3000,,'',0,7000,,'',0,3000,,'',0,7000,,'',0,2000,,'',0,2000,,'',0,6000,,'',0,2000,,'',0,2000,,'',0,6000,,'',0,2000,,'',0,2000,,'',0,6000,,'',0,2000,,'',0,2000,,'',0,6000,,'',0,2000,,'',0,2000,,'',0,6000,,'',0,3000,,'',0,7000,,'',0,3000,,'',0,7000,,'',0,3000,,'',0,7000,,'',0,3000,,'',0,7000,,'',0,3000,,'',0,7000,,'',0,3000,,'',0,7000,,'',0
'224',701,74300,4,'',0,10400,4,'',0,6900,4,'',0,3300,4,'',0,7200,4,'',0,3000,4,'',0,7100,4,'',0,3000,4,'',0,6000,4,'',0,2100,4,'',0,2000,4,'',0,5900,4,'',0,2000,4,'',0,2000,4,'',0,6000,4,'',0,2100,4,'',0,1900,4,'',0,6000,4,'',0,2000,4,'',0,2100,4,'',0,5900,4,'',0,2000,4,'',0,2000,4,'',0,7000,4,'',0,3000,4,'',0,6900,4,'',0,2900,4,'',0,6900,4,'',0,3000,4,'',0,7000,4,'',0,2600,4,'',0,6700,4,'',0,2800,4,'',0,7000,4,'',0,3000,4,'',0
'225',700,70000,,'',0,10000,,'',0,10000,,'',0,3000,,'',0,7000,,'',0,3000,,'',0,7000,,'',0,3000,,'',0,7000,,'',0,3000,,'',0,7000,,'',0,3000,,'',0,7000,,'',0,3000,,'',0,7000,,'',0,3000,,'',0,7000,,'',0,3000,,'',0,7000,,'',0,3000,,'',0,7000,,'',0,3000,,'',0,7000,,'',0,10000,,'',0,10000,,'',0,10000,,'',0
'225',701,74000,4,'',0,10100,4,'',0,10500,4,'',0,7000,4,'',0,3000,4,'',0,7000,4,'',0,2800,4,'',0,7200,4,'',0,3100,4,'',0,7000,4,'',0,3000,4,'',0,7000,4,'',0,3000,4,'',0,7000,4,'',0,3000,4,'',0,7000,4,'',0,3000,4,'',0,7000,4,'',0,2900,4,'',0,6900,4,'',0,3000,4,'',0,6900,4,'',0,2800,4,'',0,9900,4,'',0,10000,4,'',0,10300,4,'',0
'223',1200,50000,,'',0,3000,,'',0,7000,,'',0,3000,,'',0,7000,,'',0,3000,,'',0,7000,,'',0,3000,,'',0,7000,,'',0,3000,,'',0,7000,,'',0,3000,,'',0,7000,,'',0,3500,,'',0,6500,,'',0,3000,,'',0,7000,,'',0,3000,,'',0,7000,,'',0,3000,,'',0,7000,,'',0,3000,,'',0,7000,,'',0,3500,,'',0,6500,,'',0,3000,,'',0,7000,,'',0,3000,,'',0,7000,,'',0,3000,,'',0,8500,,'',0,8500,,'',0,4500,,'',0,8500,,'',0
'223',1201,54600,4,'',0,7000,4,'',0,3000,4,'',0,7000,4,'',0,3000,4,'',0,7000,4,'',0,3000,4,'',0,7000,4,'',0,3000,4,'',0,7000,4,'',0,3000,4,'',0,7000,4,'',0,2900,4,'',0,7500,4,'',0,2500,4,'',0,7000,4,'',0,3000,4,'',0,7000,4,'',0,3000,4,'',0,7000,4,'',0,3800,4,'',0,6300,4,'',0,3000,4,'',0,7500,4,'',0,2500,4,'',0,7000,4,'',0,2900,4,'',0,7300,4,'',0,2500,4,'',0,7000,4,'',0,4500,4,'',0,8500,4,'',0,8600,4,'',0
'224',1200,71500,,'',0,9000,,'',0,5000,,'',0,9000,,'',0,8000,,'',0,8500,,'',0,9000,,'',0,4000,,'',0,9000,,'',0,8500,,'',0,3500,,'',0,9000,,'',0,8500,,'',0,8500,,'',0,4500,,'',0,8500,,'',0,9000,,'',0,8500,,'',0,8500,,'',0,5000,,'',0
'224',1201,75900,4,'',0,9100,4,'',0,9000,4,'',0,9000,4,'',0,8000,4,'',0,4500,4,'',0,9000,4,'',0,8000,4,'',0,8500,4,'',0,9000,4,'',0,3500,4,'',0,9000,4,'',0,8500,4,'',0,4400,4,'',0,8500,4,'',0,8500,4,'',0,9000,4,'',0,4500,4,'',0,8500,4,'',0
'225',1200,83000,,'',0,8500,,'',0,9000,,'',0,2000,,'',0,7500,,'',0,5000,,'',0,8500,,'',0,9000,,'',0,9000,,'',0,9000,,'',0,5000,,'',0,9000,,'',0,9500,,'',0,8500,,'',0,7500,,'',0,4500,,'',0,8500,,'',0,8500,,'',0
'225',1201,91400,4,'',0,4500,4,'',0,8500,4,'',0,10000,4,'',0,9100,4,'',0,8500,4,'',0,9000,4,'',0,9000,4,'',0,5000,4,'',0,9000,4,'',0,9000,4,'',0,9400,4,'',0,8500,4,'',0,4000,4,'',0,8500,4,'',0,8500,4,'',0
'223',2900,53000,,'',0,7000,,'',0,3000,,'',0,7000,,'',0,3000,,'',0,7000,,'',0,3000,,'',0,7000,,'',0,3000,,'',0,7000,,'',0,3000,,'',0,7000,,'',0,3000,,'',0,7000,,'',0,3000,,'',0,7000,,'',0,3000,,'',0,7000,,'',0,3000,,'',0,7000,,'',0,3000,,'',0,7000,,'',0,3000,,'',0,7000,,'',0,3000,,'',0,7000,,'',0,3000,,'',0,7000,,'',0,10000,,'',0,10000,,'',0,11500,,'',0
'223',2901,62100,4,'',0,3200,4,'',0,7200,4,'',0,2900,4,'',0,7000,4,'',0,3000,4,'',0,7000,4,'',0,3000,4,'',0,7000,4,'',0,3000,4,'',0,6600,4,'',0,3100,4,'',0,7200,4,'',0,2900,4,'',0,7000,4,'',0,3100,4,'',0,7000,4,'',0,3000,4,'',0,7000,4,'',0,2500,4,'',0,8000,4,'',0,3000,4,'',0,7000,4,'',0,2800,4,'',0,7000,4,'',0,2800,4,'',0,6900,4,'',0,2900,4,'',0,9900,4,'',0,9900,4,'',0,9900,4,'',0
'224',2900,74500,,'',0,8500,,'',0,8500,,'',0,8500,,'',0,4000,,'',0,9000,,'',0,8500,,'',0,8500,,'',0,4500,,'',0,8500,,'',0,8500,,'',0,8500,,'',0,4500,,'',0,8500,,'',0,8500,,'',0,8500,,'',0,10000,,'',0,10000,,'',0
'224',2901,85300,4,'',0,8600,4,'',0,8500,4,'',0,8700,4,'',0,4200,4,'',0,8600,4,'',0,8500,4,'',0,8500,4,'',0,4500,4,'',0,8500,4,'',0,8400,4,'',0,9000,4,'',0,8700,4,'',0,4100,4,'',0,8000,4,'',0,8500,4,'',0,4500,4,'',0,10000,4,'',0
'225',2900,80000,,'',0,4500,,'',0,8500,,'',0,8500,,'',0,8500,,'',0,4500,,'',0,8500,,'',0,9500,,'',0,7500,,'',0,4500,,'',0,8500,,'',0,8500,,'',0,8500,,'',0,4500,,'',0,8500,,'',0,8500,,'',0,8500,,'',0,10000,,'',0
'225',2901,85000,4,'',0,8100,4,'',0,9200,4,'',0,7900,4,'',0,5100,4,'',0,8200,4,'',0,8500,4,'',0,8500,4,'',0,4100,4,'',0,9400,4,'',0,8100,4,'',0,8900,4,'',0,4900,4,'',0,8000,4,'',0,8200,4,'',0,8400,4,'',0,4500,4,'',0,10100,4,'',0
