'208',400,60500,,'',0,4500,,'',0,8500,,'',0,8500,,'',0,8500,,'',0,4000,,'',0,9000,,'',0,8500,,'',0,9000,,'',0,4000,,'',0,8500,,'',0,8500,,'',0,8500,,'',0,4000,,'',0,9000,,'',0,8500,,'',0
'208',401,62300,4,'',0,8500,4,'',0,4500,4,'',0,8500,4,'',0,8500,4,'',0,8000,4,'',0,4500,4,'',0,9000,4,'',0,8500,4,'',0,8500,4,'',0,4500,4,'',0,8500,4,'',0,8500,4,'',0,8500,4,'',0,4500,4,'',0,8500,4,'',0
'209',400,85500,,'',0,14500,,'',0,5500,,'',0,14500,,'',0,5500,,'',0,10000,,'',0,10000,,'',0,10000,,'',0,10000,,'',0,10000,,'',0
'209',401,84700,4,'',0,10600,4,'',0,9500,4,'',0,10500,4,'',0,9500,4,'',0,10000,4,'',0,10000,4,'',0,9900,4,'',0,10000,4,'',0,10500,4,'',0
'210',400,90000,,'',0,5500,,'',0,10000,,'',0,9000,,'',0,9500,,'',0,9500,,'',0,9500,,'',0,9500,,'',0,9500,,'',0,9500,,'',0,4000,,'',0
'210',401,95300,4,'',0,9500,4,'',0,9500,4,'',0,9500,4,'',0,9500,4,'',0,9500,4,'',0,9000,4,'',0,9500,4,'',0,9500,4,'',0,10000,4,'',0
'208',600,62000,,'',0,8000,,'',0,4000,,'',0,8000,,'',0,8000,,'',0,4000,,'',0,8000,,'',0,8000,,'',0,4000,,'',0,8000,,'',0,3500,,'',0,8500,,'',0,8000,,'',0,8000,,'',0,4000,,'',0,8000,,'',0,8000,,'',0,4000,,'',0
'208',601,64700,4,'',0,8000,4,'',0,8000,4,'',0,4000,4,'',0,8000,4,'',0,8000,4,'',0,4000,4,'',0,8000,4,'',0,8000,4,'',0,4000,4,'',0,7500,4,'',0,8500,4,'',0,4000,4,'',0,8000,4,'',0,8000,4,'',0,4000,4,'',0,8000,4,'',0,8000,4,'',0
'209',600,90500,,'',0,3500,,'',0,8000,,'',0,8000,,'',0,4000,,'',0,8000,,'',0,8000,,'',0,4000,,'',0,8000,,'',0,8000,,'',0,4000,,'',0,8000,,'',0,8000,,'',0
'209',601,93200,4,'',0,7500,4,'',0,4000,4,'',0,8000,4,'',0,8000,4,'',0,4000,4,'',0,8000,4,'',0,8000,4,'',0,4000,4,'',0,8000,4,'',0,8000,4,'',0,4000,4,'',0,8000,4,'',0
'210',600,90000,,'',0,4000,,'',0,8000,,'',0,3500,,'',0,8500,,'',0,8000,,'',0,8000,,'',0,4000,,'',0,8000,,'',0,8000,,'',0,4000,,'',0,8000,,'',0,3500,,'',0
'210',601,92700,4,'',0,8000,4,'',0,4000,4,'',0,7500,4,'',0,8500,4,'',0,4000,4,'',0,8000,4,'',0,8000,4,'',0,4000,4,'',0,8000,4,'',0,8000,4,'',0,4000,4,'',0,7500,4,'',0
