'214',300,60200,4,'',0,4600,4,'',0,9000,4,'',0,8000,4,'',0,4000,4,'',0,9000,4,'',0,8700,4,'',0,8400,4,'',0,8400,4,'',0,4500,4,'',0,8700,4,'',0,8000,4,'',0,9000,4,'',0,4500,4,'',0,8600,4,'',0,8500,4,'',0,8500,4,'',0,4100,4,'',0,8500,4,'',0,8600,4,'',0
'214',301,50000,,'',0,4500,,'',0,9000,,'',0,8000,,'',0,8500,,'',0,4500,,'',0,8500,,'',0,8500,,'',0,8500,,'',0,4500,,'',0,8500,,'',0,8000,,'',0,9000,,'',0,4500,,'',0,8500,,'',0,8500,,'',0,8500,,'',0,4500,,'',0,8500,,'',0,8500,,'',0
'215',300,90300,4,'',0,4500,4,'',0,8700,4,'',0,8400,4,'',0,8400,4,'',0,4500,4,'',0,8700,4,'',0,8500,4,'',0,8500,4,'',0,4500,4,'',0,8600,4,'',0,8500,4,'',0,8500,4,'',0,4200,4,'',0,8500,4,'',0,8600,4,'',0
'215',301,80000,,'',0,4500,,'',0,8500,,'',0,8500,,'',0,8500,,'',0,4500,,'',0,8500,,'',0,8500,,'',0,8500,,'',0,4500,,'',0,8500,,'',0,8500,,'',0,8500,,'',0,4500,,'',0,8500,,'',0,8500,,'',0
'216',300,110500,4,'',0,4500,4,'',0,8600,4,'',0,8000,4,'',0,9000,4,'',0,4500,4,'',0,8500,4,'',0,8500,4,'',0,8400,4,'',0,4500,4,'',0,8500,4,'',0,8500,4,'',0
'216',301,100000,,'',0,4500,,'',0,8500,,'',0,8000,,'',0,9000,,'',0,4500,,'',0,8500,,'',0,8500,,'',0,8500,,'',0,4500,,'',0,8500,,'',0,8500,,'',0
'214',800,62300,4,'',0,10200,4,'',0,10000,4,'',0,10000,4,'',0,10000,4,'',0,10000,4,'',0,10000,4,'',0,10000,4,'',0,10200,4,'',0,10000,4,'',0,10100,4,'',0,9700,4,'',0,10000,4,'',0,10000,4,'',0,10000,4,'',0
'214',801,50000,,'',0,10000,,'',0,10000,,'',0,10000,,'',0,10000,,'',0,10000,,'',0,10000,,'',0,10000,,'',0,10000,,'',0,10000,,'',0,10000,,'',0,10000,,'',0,10000,,'',0,10000,,'',0,10000,,'',0
'215',800,92000,4,'',0,10500,4,'',0,9500,4,'',0,10500,4,'',0,10000,4,'',0,10000,4,'',0,10000,4,'',0,10500,4,'',0,9500,4,'',0,10000,4,'',0,10000,4,'',0,10000,4,'',0
'215',801,80000,,'',0,10000,,'',0,10000,,'',0,10000,,'',0,10000,,'',0,10000,,'',0,10000,,'',0,10000,,'',0,10000,,'',0,10000,,'',0,10000,,'',0,10000,,'',0
'216',800,112400,4,'',0,10000,4,'',0,10000,4,'',0,10000,4,'',0,10000,4,'',0,10000,4,'',0,10000,4,'',0,10000,4,'',0,10500,4,'',0
'216',801,100000,,'',0,10000,,'',0,10000,,'',0,10000,,'',0,10000,,'',0,10500,,'',0,9500,,'',0,10000,,'',0,10500,,'',0
