'211',200,62400,4,'',0,8500,4,'',0,3500,4,'',0,7500,4,'',0,3500,4,'',0,7500,4,'',0,7500,4,'',0,5000,4,'',0,9500,4,'',0,7500,4,'',0,3500,4,'',0,7500,4,'',0,7500,4,'',0,3600,4,'',0,7500,4,'',0,3500,4,'',0,7500,4,'',0,7500,4,'',0,3500,4,'',0,8400,4,'',0,8500,4,'',0
'211',201,60000,,'',0,4500,,'',0,7500,,'',0,3500,,'',0,7500,,'',0,7500,,'',0,3500,,'',0,9000,,'',0,9500,,'',0,7500,,'',0,3500,,'',0,7500,,'',0,3500,,'',0,7500,,'',0,3500,,'',0,7500,,'',0,7500,,'',0,3500,,'',0,7500,,'',0,8500,,'',0,4500,,'',0
'212',200,101000,4,'',0,4500,4,'',0,8500,4,'',0,8500,4,'',0,8500,4,'',0,4000,4,'',0,9000,4,'',0,8500,4,'',0,8500,4,'',0,4500,4,'',0,8500,4,'',0
'212',201,94500,,'',0,8500,,'',0,8500,,'',0,8500,,'',0,4500,,'',0,8000,,'',0,9000,,'',0,8500,,'',0,4500,,'',0,8500,,'',0,8500,,'',0
'213',200,100800,4,'',0,4500,4,'',0,8500,4,'',0,8500,4,'',0,8500,4,'',0,4500,4,'',0,8500,4,'',0,8000,4,'',0,9000,4,'',0,4500,4,'',0,8500,4,'',0
'213',201,94500,,'',0,8500,,'',0,8500,,'',0,8500,,'',0,4500,,'',0,8500,,'',0,8500,,'',0,4000,,'',0,9000,,'',0,8500,,'',0,8500,,'',0
'211',1200,53000,,'',0,10000,,'',0,10000,,'',0,7500,,'',0,9500,,'',0,4000,,'',0,8500,,'',0,8500,,'',0,4500,,'',0,9000,,'',0,8000,,'',0,9000,,'',0,4000,,'',0,8500,,'',0,8000,,'',0,9000,,'',0,4500,,'',0,8500,,'',0,9000,,'',0,7000,,'',0,10000,,'',0,10000,,'',0
'211',1201,61400,4,'',0,10000,4,'',0,10000,4,'',0,3500,4,'',0,9100,4,'',0,8400,4,'',0,8600,4,'',0,4500,4,'',0,8500,4,'',0,8500,4,'',0,8500,4,'',0,9000,4,'',0,3700,4,'',0,9300,4,'',0,7500,4,'',0,5000,4,'',0,8300,4,'',0,8500,4,'',0,9000,4,'',0,3000,4,'',0,10000,4,'',0
'212',1200,80500,,'',0,5000,,'',0,8500,,'',0,8500,,'',0,8500,,'',0,4500,,'',0,8500,,'',0,8500,,'',0,8500,,'',0,4000,,'',0,9000,,'',0,8500,,'',0,8500,,'',0,4500,,'',0,8500,,'',0,9000,,'',0
'212',1201,84900,4,'',0,9000,4,'',0,8400,4,'',0,8500,4,'',0,4600,4,'',0,8500,4,'',0,8500,4,'',0,8500,4,'',0,4500,4,'',0,8000,4,'',0,9000,4,'',0,8400,4,'',0,4500,4,'',0,8500,4,'',0,8500,4,'',0,9000,4,'',0
'213',1200,91500,,'',0,9000,,'',0,9500,,'',0,5000,,'',0,9000,,'',0,8500,,'',0,9000,,'',0,9000,,'',0,5000,,'',0,9000,,'',0,9500,,'',0,8500,,'',0
'213',1201,95900,4,'',0,8500,4,'',0,10300,4,'',0,9000,4,'',0,9000,4,'',0,8500,4,'',0,9000,4,'',0,5000,4,'',0,9000,4,'',0,9000,4,'',0,9200,4,'',0,8500,4,'',0
