'223',300,53500,,'',0,8500,,'',0,9000,,'',0,4500,,'',0,8000,,'',0,8500,,'',0,8500,,'',0,4500,,'',0,9000,,'',0,8000,,'',0,9000,,'',0,4000,,'',0,8500,,'',0,8500,,'',0,9000,,'',0,4000,,'',0,9000,,'',0,8500,,'',0,8500,,'',0,4500,,'',0
'223',301,52900,4,'',0,8600,4,'',0,8600,4,'',0,4500,4,'',0,8000,4,'',0,8500,4,'',0,8900,4,'',0,4500,4,'',0,8600,4,'',0,8000,4,'',0,9000,4,'',0,4000,4,'',0,8600,4,'',0,8500,4,'',0,9000,4,'',0,3900,4,'',0,9100,4,'',0,8500,4,'',0,8400,4,'',0,4400,4,'',0,10000,4,'',0
'224',300,83500,,'',0,8500,,'',0,8500,,'',0,4500,,'',0,8500,,'',0,8500,,'',0,8500,,'',0,4500,,'',0,9000,,'',0,8000,,'',0,8500,,'',0,4500,,'',0,8500,,'',0,8500,,'',0,8500,,'',0,5000,,'',0
'224',301,82800,4,'',0,8500,4,'',0,8700,4,'',0,4500,4,'',0,8400,4,'',0,8500,4,'',0,4500,4,'',0,8500,4,'',0,9000,4,'',0,8000,4,'',0,4500,4,'',0,8500,4,'',0,8500,4,'',0,8500,4,'',0,4500,4,'',0,8500,4,'',0,8500,4,'',0
'225',300,103500,,'',0,8500,,'',0,8500,,'',0,4500,,'',0,8500,,'',0,8500,,'',0,8500,,'',0,4500,,'',0,8500,,'',0,8500,,'',0,8500,,'',0,4500,,'',0
'225',301,102700,4,'',0,8500,4,'',0,4500,4,'',0,8500,4,'',0,8500,4,'',0,8500,4,'',0,4500,4,'',0,8500,4,'',0,8600,4,'',0,8500,4,'',0,4500,4,'',0,8500,4,'',0,8400,4,'',0
'223',1200,51800,4,'',0,3000,4,'',0,7000,4,'',0,2900,4,'',0,7100,4,'',0,3000,4,'',0,7000,4,'',0,3000,4,'',0,7000,4,'',0,3000,4,'',0,7000,4,'',0,3000,4,'',0,7000,4,'',0,3500,4,'',0,6500,4,'',0,3000,4,'',0,7200,4,'',0,3000,4,'',0,7000,4,'',0,3000,4,'',0,7100,4,'',0,3000,4,'',0,7000,4,'',0,3500,4,'',0,6500,4,'',0,2900,4,'',0,7000,4,'',0,2900,4,'',0,7000,4,'',0,3000,4,'',0,8400,4,'',0,8500,4,'',0,8500,4,'',0,4500,4,'',0
'223',1201,52500,,'',0,3000,,'',0,7000,,'',0,3000,,'',0,7000,,'',0,3000,,'',0,7000,,'',0,3000,,'',0,7000,,'',0,3000,,'',0,7000,,'',0,3000,,'',0,7000,,'',0,7500,,'',0,2500,,'',0,3000,,'',0,7000,,'',0,3000,,'',0,7000,,'',0,3000,,'',0,7500,,'',0,2500,,'',0,7000,,'',0,7500,,'',0,2500,,'',0,3000,,'',0,7000,,'',0,7500,,'',0,2500,,'',0,3000,,'',0,8500,,'',0,8500,,'',0,8500,,'',0
'224',1200,73200,4,'',0,9000,4,'',0,9100,4,'',0,9000,4,'',0,4000,4,'',0,8500,4,'',0,9000,4,'',0,4000,4,'',0,9000,4,'',0,8500,4,'',0,7600,4,'',0,5000,4,'',0,8400,4,'',0,8500,4,'',0,8500,4,'',0,4500,4,'',0,9000,4,'',0,8500,4,'',0,8500,4,'',0,9000,4,'',0
'224',1201,74000,,'',0,9000,,'',0,9000,,'',0,9000,,'',0,4000,,'',0,8500,,'',0,9000,,'',0,8000,,'',0,4500,,'',0,9000,,'',0,7500,,'',0,9000,,'',0,4500,,'',0,8500,,'',0,8500,,'',0,8500,,'',0,5000,,'',0,8500,,'',0,8500,,'',0
'225',1200,84700,4,'',0,8500,4,'',0,9000,4,'',0,2000,4,'',0,7500,4,'',0,9000,4,'',0,4500,4,'',0,9000,4,'',0,9000,4,'',0,9000,4,'',0,9000,4,'',0,9000,4,'',0,5500,4,'',0,8600,4,'',0,7500,4,'',0,8400,4,'',0,4500,4,'',0,8500,4,'',0
'225',1201,85500,,'',0,8500,,'',0,8500,,'',0,10000,,'',0,9000,,'',0,8500,,'',0,5000,,'',0,9000,,'',0,9000,,'',0,9000,,'',0,9000,,'',0,9500,,'',0,4500,,'',0,8000,,'',0,8500,,'',0,8500,,'',0
'223',1801,51000,,'',0,3000,,'',0,9500,,'',0,10000,,'',0,10000,,'',0,69500,,'',0,9500,,'',0,10000,,'',0,9500,,'',0
