'223',400,55000,4,'',0,7500,4,'',0,8500,4,'',0,4500,4,'',0,8500,4,'',0,8600,4,'',0,8000,4,'',0,5000,4,'',0,9000,4,'',0,9000,4,'',0,7500,4,'',0,4500,4,'',0,8500,4,'',0,8500,4,'',0,8000,4,'',0,4900,4,'',0,9700,4,'',0,9900,4,'',0,10000,4,'',0,10000,4,'',0
'223',401,53000,,'',0,7500,,'',0,4500,,'',0,8500,,'',0,8500,,'',0,8500,,'',0,4000,,'',0,8500,,'',0,9000,,'',0,8500,,'',0,4500,,'',0,8500,,'',0,8500,,'',0,8500,,'',0,4500,,'',0,8500,,'',0,10000,,'',0,10000,,'',0,10000,,'',0
'224',400,91400,4,'',0,10500,4,'',0,9600,4,'',0,10400,4,'',0,9500,4,'',0,10000,4,'',0,10000,4,'',0,10000,4,'',0,10000,4,'',0,10100,4,'',0,3400,4,'',0,6500,4,'',0
'224',401,83000,,'',0,10500,,'',0,9500,,'',0,10500,,'',0,9500,,'',0,10000,,'',0,10000,,'',0,10000,,'',0,10000,,'',0,10000,,'',0,10000,,'',0,10000,,'',0
'225',400,92000,4,'',0,9500,4,'',0,10000,4,'',0,9000,4,'',0,4500,4,'',0,6000,4,'',0,4500,4,'',0,9600,4,'',0,9500,4,'',0,9500,4,'',0,9400,4,'',0,8000,4,'',0,8500,4,'',0
'225',401,93000,,'',0,9500,,'',0,9500,,'',0,9500,,'',0,8500,,'',0,3500,,'',0,6500,,'',0,5500,,'',0,9500,,'',0,7500,,'',0,2000,,'',0,10000,,'',0
'223',700,54800,4,'',0,6900,4,'',0,3100,4,'',0,6000,4,'',0,2000,4,'',0,2000,4,'',0,5500,4,'',0,1500,4,'',0,1500,4,'',0,1500,4,'',0,5500,4,'',0,1500,4,'',0,1500,4,'',0,1500,4,'',0,5700,4,'',0,1500,4,'',0,1500,4,'',0,1500,4,'',0,5700,4,'',0,1300,4,'',0,1500,4,'',0,1500,4,'',0,5600,4,'',0,1500,4,'',0,1500,4,'',0,1500,4,'',0,5600,4,'',0,1600,4,'',0,1500,4,'',0,1500,4,'',0,5500,4,'',0,1500,4,'',0,1500,4,'',0,1800,4,'',0,5300,4,'',0,1500,4,'',0,1600,4,'',0,1700,4,'',0,5500,4,'',0,1500,4,'',0,1500,4,'',0,1500,4,'',0,5500,4,'',0,1500,4,'',0,1500,4,'',0,1300,4,'',0,5500,4,'',0,1400,4,'',0,1500,4,'',0,1200,4,'',0,6900,4,'',0,2900,4,'',0,7000,4,'',0,2900,4,'',0,6800,4,'',0,2700,4,'',0,7000,4,'',0,8800,4,'',0
'223',701,50000,,'',0,3000,,'',0,7000,,'',0,2000,,'',0,2000,,'',0,6000,,'',0,1500,,'',0,1500,,'',0,1500,,'',0,5500,,'',0,1500,,'',0,1500,,'',0,1500,,'',0,5500,,'',0,1500,,'',0,1500,,'',0,1500,,'',0,5500,,'',0,1500,,'',0,1500,,'',0,1500,,'',0,5500,,'',0,1500,,'',0,1500,,'',0,1500,,'',0,5500,,'',0,1500,,'',0,1500,,'',0,1500,,'',0,5500,,'',0,1500,,'',0,1500,,'',0,1500,,'',0,5500,,'',0,1500,,'',0,1500,,'',0,1500,,'',0,5500,,'',0,1500,,'',0,1500,,'',0,1500,,'',0,5500,,'',0,1500,,'',0,1500,,'',0,1500,,'',0,5500,,'',0,1500,,'',0,1500,,'',0,1500,,'',0,5500,,'',0,3000,,'',0,7000,,'',0,3000,,'',0,7000,,'',0,3000,,'',0,7000,,'',0,3000,,'',0,8500,,'',0
'224',700,74200,4,'',0,10000,4,'',0,7100,4,'',0,3300,4,'',0,7300,4,'',0,3100,4,'',0,7100,4,'',0,3000,4,'',0,5900,4,'',0,2200,4,'',0,2000,4,'',0,6400,4,'',0,1900,4,'',0,1800,4,'',0,6000,4,'',0,2000,4,'',0,2200,4,'',0,6000,4,'',0,2000,4,'',0,1800,4,'',0,6200,4,'',0,1600,4,'',0,2100,4,'',0,7200,4,'',0,2700,4,'',0,7300,4,'',0,2700,4,'',0,6900,4,'',0,2700,4,'',0,7000,4,'',0,2500,4,'',0,7000,4,'',0,3200,4,'',0,6900,4,'',0,3000,4,'',0
'224',701,70000,,'',0,10000,,'',0,3000,,'',0,7000,,'',0,3000,,'',0,7000,,'',0,3000,,'',0,7000,,'',0,2000,,'',0,2000,,'',0,6000,,'',0,2000,,'',0,2000,,'',0,6000,,'',0,2000,,'',0,2000,,'',0,6000,,'',0,2000,,'',0,2000,,'',0,6000,,'',0,2000,,'',0,2000,,'',0,6000,,'',0,3000,,'',0,7000,,'',0,3000,,'',0,7000,,'',0,3000,,'',0,7000,,'',0,3000,,'',0,7000,,'',0,3000,,'',0,7000,,'',0,3000,,'',0,7000,,'',0
'225',700,74200,4,'',0,10000,4,'',0,10600,4,'',0,7000,4,'',0,3000,4,'',0,7000,4,'',0,3000,4,'',0,7200,4,'',0,3000,4,'',0,7000,4,'',0,3000,4,'',0,7000,4,'',0,3200,4,'',0,7000,4,'',0,3000,4,'',0,6700,4,'',0,3000,4,'',0,7000,4,'',0,3000,4,'',0,7000,4,'',0,2600,4,'',0,6900,4,'',0,2800,4,'',0,10000,4,'',0,10200,4,'',0,10200,4,'',0
'225',701,70000,,'',0,10000,,'',0,10000,,'',0,3000,,'',0,7000,,'',0,3000,,'',0,7000,,'',0,3000,,'',0,7000,,'',0,3000,,'',0,7000,,'',0,3000,,'',0,7000,,'',0,3000,,'',0,7000,,'',0,3000,,'',0,7000,,'',0,3000,,'',0,7000,,'',0,3000,,'',0,7000,,'',0,3000,,'',0,7000,,'',0,10000,,'',0,10000,,'',0,10000,,'',0
'223',1900,64400,4,'',0,7000,4,'',0,4500,4,'',0,8500,4,'',0,8500,4,'',0,8500,4,'',0,4500,4,'',0,8500,4,'',0,8500,4,'',0,8500,4,'',0,4500,4,'',0,8500,4,'',0,8500,4,'',0,8500,4,'',0,9000,4,'',0,4000,4,'',0,8500,4,'',0,8500,4,'',0,4500,4,'',0,8500,4,'',0
'223',1901,61500,,'',0,1500,,'',0,7000,,'',0,11000,,'',0,4500,,'',0,8500,,'',0,8500,,'',0,8500,,'',0,4500,,'',0,8500,,'',0,8500,,'',0,8000,,'',0,5000,,'',0,8500,,'',0,8500,,'',0,8500,,'',0,4500,,'',0,9000,,'',0,8000,,'',0,8500,,'',0
'224',1900,82900,4,'',0,10000,4,'',0,2500,4,'',0,6000,4,'',0,4500,4,'',0,8500,4,'',0,8500,4,'',0,8500,4,'',0,4500,4,'',0,8500,4,'',0,8500,4,'',0,8500,4,'',0,4500,4,'',0,8500,4,'',0,8500,4,'',0,8500,4,'',0,4500,4,'',0,8500,4,'',0
'224',1901,75500,,'',0,8500,,'',0,8000,,'',0,2000,,'',0,8500,,'',0,8500,,'',0,4500,,'',0,8500,,'',0,6000,,'',0,2500,,'',0,8500,,'',0,4500,,'',0,8500,,'',0,8500,,'',0,8500,,'',0,4500,,'',0,6500,,'',0,2000,,'',0,8500,,'',0,8500,,'',0
'225',1900,91400,4,'',0,4500,4,'',0,8500,4,'',0,8500,4,'',0,8500,4,'',0,4500,4,'',0,8500,4,'',0,8500,4,'',0,8500,4,'',0,4500,4,'',0,8500,4,'',0,8500,4,'',0,8500,4,'',0,4500,4,'',0,8500,4,'',0
'225',1901,92500,,'',0,8500,,'',0,1500,,'',0,3000,,'',0,8500,,'',0,6000,,'',0,2500,,'',0,8500,,'',0,1500,,'',0,3000,,'',0,8500,,'',0,8500,,'',0,8500,,'',0,4500,,'',0,8500,,'',0,8500,,'',0,8500,,'',0
'223',2900,62200,4,'',0,3000,4,'',0,7200,4,'',0,3000,4,'',0,7000,4,'',0,3000,4,'',0,6900,4,'',0,2900,4,'',0,7000,4,'',0,3100,4,'',0,7100,4,'',0,2600,4,'',0,7000,4,'',0,3000,4,'',0,7000,4,'',0,3100,4,'',0,7100,4,'',0,3100,4,'',0,7000,4,'',0,3000,4,'',0,7300,4,'',0,3200,4,'',0,7000,4,'',0,3100,4,'',0,6900,4,'',0,2700,4,'',0,6900,4,'',0,2800,4,'',0,10000,4,'',0,9800,4,'',0,15500,4,'',0
'223',2901,53000,,'',0,7000,,'',0,3000,,'',0,7000,,'',0,3000,,'',0,7000,,'',0,3000,,'',0,7000,,'',0,3000,,'',0,7000,,'',0,3000,,'',0,7000,,'',0,3000,,'',0,7000,,'',0,3000,,'',0,7000,,'',0,3000,,'',0,7000,,'',0,3000,,'',0,2500,,'',0,7500,,'',0,7000,,'',0,3000,,'',0,7000,,'',0,3000,,'',0,7000,,'',0,3000,,'',0,7000,,'',0,10000,,'',0,10000,,'',0,10000,,'',0
'224',2900,83500,4,'',0,8500,4,'',0,8500,4,'',0,4500,4,'',0,8100,4,'',0,8800,4,'',0,8500,4,'',0,4700,4,'',0,8600,4,'',0,8400,4,'',0,9000,4,'',0,4700,4,'',0,8500,4,'',0,8200,4,'',0,8400,4,'',0,4300,4,'',0,10100,4,'',0,9900,4,'',0
'224',2901,80000,,'',0,4500,,'',0,8500,,'',0,8500,,'',0,8500,,'',0,4500,,'',0,8500,,'',0,8500,,'',0,8500,,'',0,4500,,'',0,8000,,'',0,9000,,'',0,8500,,'',0,4500,,'',0,8500,,'',0,8500,,'',0,8500,,'',0,10000,,'',0
'225',2900,85300,4,'',0,8600,4,'',0,8600,4,'',0,8500,4,'',0,4500,4,'',0,8500,4,'',0,8100,4,'',0,9500,4,'',0,3500,4,'',0,8500,4,'',0,8500,4,'',0,8700,4,'',0,4700,4,'',0,8500,4,'',0,8400,4,'',0,8400,4,'',0,4500,4,'',0,9900,4,'',0
'225',2901,80000,,'',0,4000,,'',0,9000,,'',0,8000,,'',0,9000,,'',0,4500,,'',0,8500,,'',0,8500,,'',0,4000,,'',0,9500,,'',0,8000,,'',0,8500,,'',0,8500,,'',0,4500,,'',0,8500,,'',0,8500,,'',0,8500,,'',0,10000,,'',0
