203,2106,1,0
203,6288,2,0
203,6284,3,0
203,6282,4,0
203,6291,5,0
203,6293,6,0
203,6279,7,0
203,6275,8,0
203,6273,9,0
203,6225,10,0
203,6090,11,0
203,6100,12,0
203,6397,13,0
203,6394,14,1
204,6394,1,0
204,6105,2,0
204,6095,3,0
204,6080,4,0
204,6268,5,0
204,6272,6,0
204,6278,7,0
204,6296,8,0
204,6292,9,0
204,5281,10,0
204,5283,11,0
204,5206,12,0
204,5212,13,0
204,5216,14,0
204,5265,15,0
204,1301,16,0
204,1299,17,0
204,168,18,0
204,167,19,0
204,2106,20,1
303,5000,1,0
303,2913,2,0
303,2668,3,0
303,1741,4,0
303,1748,5,0
303,2977,6,0
303,2327,7,0
303,2328,8,0
303,2330,9,0
303,2905,10,0
303,5005,11,0
303,5020,12,0
303,5030,13,0
303,5040,14,0
303,5045,15,0
303,5055,16,0
303,5065,17,0
303,5075,18,0
303,5087,19,0
303,5090,20,0
303,5100,21,0
303,5115,22,0
303,3600,23,0
303,3590,24,0
303,3575,25,0
303,3570,26,0
303,3555,27,0
303,3548,28,0
303,3505,29,0
303,3370,30,0
303,3360,31,0
303,3350,32,0
303,3335,33,0
303,3075,34,0
303,3035,35,0
303,3040,36,0
303,3020,37,0
303,1543,38,0
303,1515,39,0
303,1505,40,0
303,1495,41,0
303,1485,42,0
303,2466,43,0
303,1360,44,0
303,1295,45,0
303,1305,46,0
303,2245,47,0
303,2270,48,0
303,2906,49,0
303,2325,50,0
303,2430,51,1
304,2430,1,0
304,3006,2,0
304,2275,3,0
304,2260,4,0
304,1310,5,0
304,1290,6,0
304,1370,7,0
304,2355,8,0
304,1425,9,0
304,1490,10,0
304,1500,11,0
304,1510,12,0
304,1530,13,0
304,1540,14,0
304,1545,15,0
304,3030,16,0
304,3045,17,0
304,3080,18,0
304,3340,19,0
304,3345,20,0
304,3365,21,0
304,3375,22,0
304,3500,23,0
304,3545,24,0
304,3550,25,0
304,3565,26,0
304,3567,27,0
304,3580,28,0
304,3585,29,0
304,3595,30,0
304,1367,31,0
304,5120,32,0
304,5110,33,0
304,5105,34,0
304,5095,35,0
304,5085,36,0
304,5080,37,0
304,5070,38,0
304,5060,39,0
304,5050,40,0
304,5035,41,0
304,5025,42,0
304,5015,43,0
304,5000,44,1
403,1390,1,0
403,1378,2,0
403,1388,3,0
403,2355,4,0
403,2359,5,0
403,1450,6,0
403,2886,7,0
403,2324,8,0
403,2445,9,0
403,2335,10,0
403,2310,11,0
403,2290,12,0
403,2295,13,0
403,2215,14,0
403,2205,15,0
403,2190,16,0
403,2185,17,0
403,2160,18,0
403,2145,19,0
403,2125,20,0
403,2120,21,0
403,2075,22,0
403,2025,23,0
403,2005,24,0
403,2001,25,0
403,1035,26,0
403,1328,27,0
403,1053,28,1
404,1053,1,0
404,2010,2,0
404,2000,3,0
404,2015,4,0
404,2017,5,0
404,2070,6,0
404,2115,7,0
404,2130,8,0
404,2150,9,0
404,2155,10,0
404,2165,11,0
404,2180,12,0
404,2195,13,0
404,2210,14,0
404,2305,15,0
404,2300,16,0
404,2282,17,0
404,2315,18,0
404,2331,19,0
404,2325,20,0
404,2340,21,0
404,2323,22,0
404,1457,23,0
404,2356,24,0
404,2466,25,0
404,1383,26,0
404,1373,27,0
404,1390,28,1
603,2441,1,0
603,2323,2,0
603,2887,3,0
603,2440,4,0
603,1355,5,0
603,1375,6,0
603,1380,7,0
603,1358,8,0
603,1268,9,0
603,1260,10,0
603,1225,11,0
603,1120,12,1
604,1120,1,0
604,1123,2,0
604,1125,3,0
604,1230,4,0
604,1265,5,0
604,1263,6,0
604,1357,7,0
604,1385,8,0
604,1365,9,0
604,426,10,0
604,2886,11,0
604,2324,12,0
604,2441,13,1
703,6395,1,0
703,6105,2,0
703,6095,3,0
703,6080,4,0
703,6230,5,0
703,6235,6,0
703,6240,7,0
703,6244,8,0
703,6265,9,0
703,6270,10,0
703,6277,11,0
703,5180,12,0
703,5170,13,0
703,5155,14,0
703,5145,15,0
703,5135,16,0
703,5130,17,0
703,877,18,0
703,3605,19,0
703,3168,20,0
703,3622,21,0
703,3628,22,0
703,3638,23,0
703,3642,24,0
703,3647,25,0
703,3325,26,0
703,3315,27,0
703,3290,28,0
703,3255,29,0
703,1537,30,0
703,1520,31,0
703,1475,32,0
703,1466,33,0
703,1460,34,0
703,1385,35,0
703,1365,36,0
703,426,37,0
703,2886,38,0
703,2324,39,0
703,2445,40,0
703,2887,41,0
703,9967,42,0
703,2240,43,0
703,2175,44,0
703,2170,45,0
703,2140,46,0
703,2135,47,0
703,2085,48,0
703,827,49,0
703,1056,50,1
704,1056,1,0
704,1060,2,0
704,1170,3,0
704,1318,4,0
704,1180,5,0
704,1185,6,0
704,1190,7,0
704,1195,8,0
704,1235,9,0
704,1315,10,0
704,9973,11,0
704,2340,12,0
704,2323,13,0
704,2887,14,0
704,2440,15,0
704,1355,16,0
704,1375,17,0
704,1380,18,0
704,1410,19,0
704,1477,20,0
704,1480,21,0
704,1525,22,0
704,1535,23,0
704,3010,24,0
704,3270,25,0
704,3285,26,0
704,3320,27,0
704,3650,28,0
704,3645,29,0
704,3640,30,0
704,3635,31,0
704,3630,32,0
704,3625,33,0
704,3620,34,0
704,3615,35,0
704,3610,36,0
704,1367,37,0
704,5120,38,0
704,5110,39,0
704,5105,40,0
704,5095,41,0
704,5085,42,0
704,5080,43,0
704,5070,44,0
704,5060,45,0
704,5050,46,0
704,5035,47,0
704,5025,48,0
704,5015,49,0
704,5000,50,0
704,5125,51,0
704,5136,52,0
704,5150,53,0
704,5160,54,0
704,5175,55,0
704,5185,56,0
704,5190,57,0
704,6245,58,0
704,6238,59,0
704,6225,60,0
704,6090,61,0
704,6100,62,0
704,6397,63,0
704,6395,64,1
803,5288,1,0
803,5217,2,0
803,5213,3,0
803,5300,4,0
803,6295,5,0
803,6265,6,0
803,6270,7,0
803,6277,8,0
803,5180,9,0
803,5170,10,0
803,5155,11,0
803,5145,12,0
803,5135,13,0
803,5120,14,0
803,5110,15,0
803,5105,16,0
803,5095,17,0
803,3720,18,0
803,3705,19,0
803,3484,20,0
803,3673,21,0
803,3667,22,0
803,3479,23,0
803,3664,24,0
803,3663,25,0
803,3442,26,0
803,3443,27,0
803,3447,28,0
803,3446,29,0
803,3457,30,0
803,3483,31,0
803,3486,32,0
803,3473,33,0
803,3677,34,0
803,3430,35,0
803,3420,36,0
803,3410,37,0
803,3405,38,0
803,3395,39,0
803,3385,40,0
803,3383,41,0
803,3495,42,0
803,3500,43,0
803,3545,44,0
803,3550,45,0
803,3537,46,0
803,4150,47,0
803,4145,48,0
803,4125,49,0
803,4160,50,0
803,4170,51,0
803,4185,52,0
803,4195,53,0
803,4205,54,0
803,4215,55,0
803,4223,56,0
803,4007,57,0
803,2364,58,0
803,1552,59,0
803,2365,60,0
803,2324,61,0
803,2441,62,1
804,2441,1,0
804,2323,2,0
804,2367,3,0
804,1553,4,0
804,2366,5,0
804,4008,6,0
804,4220,7,0
804,4210,8,0
804,4200,9,0
804,4190,10,0
804,4180,11,0
804,4175,12,0
804,4165,13,0
804,4135,14,0
804,4140,15,0
804,4148,16,0
804,3536,17,0
804,3538,18,0
804,3548,19,0
804,3505,20,0
804,3490,21,0
804,3380,22,0
804,3390,23,0
804,3400,24,0
804,3415,25,0
804,3425,26,0
804,3440,27,0
804,3660,28,0
804,3665,29,0
804,3668,30,0
804,3670,31,0
804,3675,32,0
804,3676,33,0
804,3680,34,0
804,3485,35,0
804,3480,36,0
804,3475,37,0
804,3455,38,0
804,3450,39,0
804,3445,40,0
804,3710,41,0
804,3715,42,0
804,5090,43,0
804,5100,44,0
804,5115,45,0
804,5125,46,0
804,5136,47,0
804,5150,48,0
804,5160,49,0
804,5175,50,0
804,5185,51,0
804,5190,52,0
804,5195,53,0
804,5200,54,0
804,5205,55,0
804,5210,56,0
804,5310,57,0
804,5288,58,1
1201,5005,1,0
1201,5020,2,0
1201,5030,3,0
1201,5040,4,0
1201,5045,5,0
1201,5055,6,0
1201,5065,7,0
1201,5075,8,0
1201,5087,9,0
1201,5090,10,0
1201,5100,11,0
1201,5115,12,0
1201,5132,13,0
1201,6000,14,0
1201,6035,15,0
1201,6045,16,0
1201,6060,17,0
1201,6070,18,0
1201,6075,19,0
1201,6090,20,0
1201,6100,21,0
1201,6397,22,0
1201,6394,23,1
1202,6394,1,0
1202,6105,2,0
1202,6095,3,0
1202,6080,4,0
1202,6230,5,0
1202,6235,6,0
1202,6240,7,0
1202,6244,8,0
1202,6265,9,0
1202,5215,10,0
1202,5220,11,0
1202,5225,12,0
1202,5230,13,0
1202,5235,14,0
1202,5240,15,0
1202,5245,16,0
1202,5011,17,0
1202,5007,18,0
1202,2327,19,0
1202,5005,20,1
1703,1052,1,0
1703,2010,2,0
1703,1011,3,0
1703,1076,4,0
1703,1082,5,0
1703,1084,6,0
1703,1092,7,0
1703,1113,8,0
1703,1145,9,0
1703,1150,10,0
1703,1165,11,0
1703,1205,12,0
1703,1215,13,0
1703,1245,14,0
1703,1255,15,0
1703,1275,16,0
1703,1290,17,0
1703,1370,18,0
1703,2355,19,0
1703,2359,20,0
1703,2340,21,0
1703,2323,22,0
1703,1457,23,0
1703,2356,24,0
1703,1425,25,0
1703,1490,26,0
1703,1500,27,0
1703,1510,28,0
1703,1530,29,0
1703,3000,30,0
1703,3265,31,0
1703,3275,32,0
1703,3300,33,0
1703,3310,34,0
1703,4070,35,0
1703,4085,36,0
1703,4095,37,0
1703,4105,38,0
1703,4115,39,0
1703,4130,40,0
1703,4155,41,0
1703,4230,42,0
1703,4239,43,0
1703,4250,44,0
1703,4255,45,0
1703,4270,46,0
1703,6000,47,0
1703,6035,48,0
1703,6045,49,0
1703,6060,50,0
1703,6070,51,0
1703,6075,52,0
1703,6190,53,0
1703,6195,54,0
1703,6397,55,0
1703,6395,56,1
1704,6395,1,0
1704,6105,2,0
1704,6095,3,0
1704,6085,4,0
1704,6065,5,0
1704,6055,6,0
1704,6050,7,0
1704,6040,8,0
1704,6005,9,0
1704,4280,10,0
1704,4260,11,0
1704,4245,12,0
1704,4240,13,0
1704,4235,14,0
1704,4143,15,0
1704,4120,16,0
1704,4110,17,0
1704,4100,18,0
1704,4090,19,0
1704,4075,20,0
1704,3330,21,0
1704,3305,22,0
1704,3295,23,0
1704,3260,24,0
1704,1543,25,0
1704,1515,26,0
1704,1505,27,0
1704,1495,28,0
1704,1485,29,0
1704,2359,30,0
1704,2324,31,0
1704,2445,32,0
1704,1457,33,0
1704,2356,34,0
1704,2466,35,0
1704,1360,36,0
1704,1295,37,0
1704,1270,38,0
1704,1250,39,0
1704,1240,40,0
1704,1210,41,0
1704,1200,42,0
1704,1160,43,0
1704,1155,44,0
1704,1140,45,0
1704,1093,46,0
1704,1090,47,0
1704,1085,48,0
1704,1080,49,0
1704,1075,50,0
1704,1010,51,0
1704,1035,52,0
1704,1328,53,0
1704,1052,54,1
1801,1465,1,0
1801,1455,2,0
1801,3240,3,0
1801,3235,4,0
1801,3215,5,0
1801,3205,6,0
1801,3195,7,0
1801,3185,8,0
1801,3180,9,0
1801,3170,10,0
1801,3155,11,0
1801,3150,12,0
1801,3140,13,0
1801,3125,14,0
1801,3115,15,0
1801,3105,16,0
1801,3095,17,0
1801,3090,18,0
1801,3075,19,0
1801,3035,20,0
1801,3040,21,0
1801,3020,22,0
1801,1543,23,0
1801,1515,24,0
1801,1505,25,0
1801,1495,26,0
1801,1485,27,0
1801,2466,28,0
1801,1360,29,0
1801,426,30,0
1801,2315,31,0
1801,2331,32,0
1801,2325,33,0
1801,2886,34,0
1801,2324,35,0
1801,2430,36,1
1802,2430,1,0
1802,2323,2,0
1802,2887,3,0
1802,2440,4,0
1802,1355,5,0
1802,2355,6,0
1802,1425,7,0
1802,1490,8,0
1802,1500,9,0
1802,1510,10,0
1802,1530,11,0
1802,1540,12,0
1802,1545,13,0
1802,3030,14,0
1802,3045,15,0
1802,3070,16,0
1802,3085,17,0
1802,3100,18,0
1802,3110,19,0
1802,3120,20,0
1802,3130,21,0
1802,3135,22,0
1802,3145,23,0
1802,3160,24,0
1802,3165,25,0
1802,3175,26,0
1802,3190,27,0
1802,3200,28,0
1802,3210,29,0
1802,3220,30,0
1802,3225,31,0
1802,3245,32,0
1802,3250,33,0
1802,1465,34,1
2903,6395,1,0
2903,6310,2,0
2903,6305,3,0
2903,6315,4,0
2903,6320,5,0
2903,6325,6,0
2903,6330,7,0
2903,6332,8,0
2903,6335,9,0
2903,6340,10,0
2903,6345,11,0
2903,6205,12,0
2903,6210,13,0
2903,6215,14,0
2903,6220,15,0
2903,6425,16,0
2903,6420,17,0
2903,6410,18,0
2903,6405,19,0
2903,6365,20,0
2903,6370,21,0
2903,6375,22,0
2903,6380,23,0
2903,6388,24,0
2903,6390,25,0
2903,2502,26,0
2903,4249,27,0
2903,4231,28,0
2903,4159,29,0
2903,4151,30,0
2903,4157,31,0
2903,4154,32,0
2903,4156,33,0
2903,4158,34,0
2903,4162,35,0
2903,4164,36,0
2903,4168,37,0
2903,4185,38,0
2903,4195,39,0
2903,4205,40,0
2903,4215,41,0
2903,4223,42,0
2903,4065,43,0
2903,4060,44,0
2903,4040,45,0
2903,4035,46,0
2903,4025,47,0
2903,4015,48,0
2903,4005,49,0
2903,2343,50,0
2903,2445,51,0
2903,1457,52,0
2903,2356,53,0
2903,2466,54,0
2903,1360,55,0
2903,1295,56,0
2903,1305,57,0
2903,2245,58,0
2903,2270,59,0
2903,2280,60,0
2903,2235,61,0
2903,2225,62,0
2903,2160,63,0
2903,2145,64,0
2903,2125,65,0
2903,2110,66,0
2903,2095,67,0
2903,2090,68,0
2903,2060,69,0
2903,2035,70,0
2903,2040,71,0
2903,2055,72,0
2903,1054,73,1
2904,1054,1,0
2904,1060,2,0
2904,2050,3,0
2904,2045,4,0
2904,2030,5,0
2904,2065,6,0
2904,2100,7,0
2904,2105,8,0
2904,2130,9,0
2904,2150,10,0
2904,2155,11,0
2904,2165,12,0
2904,2230,13,0
2904,2285,14,0
2904,2275,15,0
2904,2260,16,0
2904,1310,17,0
2904,1290,18,0
2904,1370,19,0
2904,2355,20,0
2904,2359,21,0
2904,1450,22,0
2904,2340,23,0
2904,2342,24,0
2904,2345,25,0
2904,4000,26,0
2904,4010,27,0
2904,4020,28,0
2904,4030,29,0
2904,4045,30,0
2904,4050,31,0
2904,4220,32,0
2904,4210,33,0
2904,4200,34,0
2904,4190,35,0
2904,4180,36,0
2904,4177,37,0
2904,4169,38,0
2904,4161,39,0
2904,4159,40,0
2904,4158,41,0
2904,4232,42,0
2904,4248,43,0
2904,2502,44,0
2904,6125,45,0
2904,6130,46,0
2904,6135,47,0
2904,6377,48,0
2904,6140,49,0
2904,6145,50,0
2904,6150,51,0
2904,6402,52,0
2904,6247,53,0
2904,6430,54,0
2904,6355,55,0
2904,6350,56,0
2904,6200,57,0
2904,6343,58,0
2904,6160,59,0
2904,6331,60,0
2904,6165,61,0
2904,6170,62,0
2904,6175,63,0
2904,6180,64,0
2904,6185,65,0
2904,6190,66,0
2904,6195,67,0
2904,6397,68,0
2904,6395,69,1
7001,1465,1,0
7001,1455,2,0
7001,1472,3,0
7001,1470,4,0
7001,1468,5,0
7001,1469,6,0
7001,1456,7,0
7001,7380,8,0
7001,2327,9,0
7001,2328,10,0
7001,2330,11,0
7001,2905,12,0
7001,2484,13,0
7001,2913,14,0
7001,2668,15,0
7001,1741,16,0
7001,1748,17,0
7001,2977,18,1
7002,2977,1,0
7002,2327,2,0
7002,2328,3,0
7002,2905,4,0
7002,7375,5,0
7002,964,6,0
7002,963,7,0
7002,973,8,0
7002,967,9,0
7002,972,10,0
7002,968,11,0
7002,1465,12,1
