'250',300,60600,4,'',0,4300,4,'',0,9000,4,'',0,8500,4,'',0,8000,4,'',0,4500,4,'',0,8700,4,'',0,8400,4,'',0,8900,4,'',0,4000,4,'',0,9200,4,'',0,8100,4,'',0,8500,4,'',0,4500,4,'',0,9100,4,'',0,8000,4,'',0,9000,4,'',0,4000,4,'',0,8500,4,'',0,8500,4,'',0
'250',301,50000,,'',0,4500,,'',0,8500,,'',0,8500,,'',0,4000,,'',0,8500,,'',0,9000,,'',0,8500,,'',0,8500,,'',0,4000,,'',0,9000,,'',0,8000,,'',0,4500,,'',0,8500,,'',0,9000,,'',0,8000,,'',0,9000,,'',0,4500,,'',0,8500,,'',0,8500,,'',0,10000,,'',0
'251',300,90300,4,'',0,4500,4,'',0,8700,4,'',0,8400,4,'',0,8400,4,'',0,4500,4,'',0,8500,4,'',0,8500,4,'',0,9200,4,'',0,3800,4,'',0,8500,4,'',0,8500,4,'',0,8500,4,'',0,4500,4,'',0,8500,4,'',0,9000,4,'',0
'251',301,80000,,'',0,4500,,'',0,8500,,'',0,8500,,'',0,8500,,'',0,4500,,'',0,8500,,'',0,8500,,'',0,9000,,'',0,4000,,'',0,8500,,'',0,8500,,'',0,8500,,'',0,4500,,'',0,8500,,'',0,8500,,'',0,8500,,'',0
'252',300,110500,4,'',0,4500,4,'',0,8600,4,'',0,8500,4,'',0,8500,4,'',0,4500,4,'',0,8500,4,'',0,8500,4,'',0,8400,4,'',0,4500,4,'',0,8500,4,'',0,8500,4,'',0
'252',301,100000,,'',0,4500,,'',0,8500,,'',0,8500,,'',0,8500,,'',0,4500,,'',0,8500,,'',0,8500,,'',0,8500,,'',0,4500,,'',0,8500,,'',0,8500,,'',0,8500,,'',0
'250',800,62200,4,'',0,10300,4,'',0,10100,4,'',0,9900,4,'',0,10000,4,'',0,10000,4,'',0,10000,4,'',0,10100,4,'',0,10000,4,'',0,10600,4,'',0,9500,4,'',0,10400,4,'',0,9300,4,'',0,10000,4,'',0,9900,4,'',0
'250',801,50000,,'',0,10000,,'',0,10000,,'',0,10000,,'',0,10000,,'',0,10000,,'',0,10000,,'',0,10000,,'',0,10000,,'',0,10000,,'',0,10000,,'',0,10000,,'',0,10000,,'',0,10000,,'',0,10000,,'',0
'251',800,92300,4,'',0,10000,4,'',0,10000,4,'',0,10000,4,'',0,10000,4,'',0,10000,4,'',0,10000,4,'',0,10000,4,'',0,10100,4,'',0,9900,4,'',0,10000,4,'',0,10000,4,'',0
'251',801,80000,,'',0,10000,,'',0,10000,,'',0,10000,,'',0,10000,,'',0,10000,,'',0,10000,,'',0,10000,,'',0,10000,,'',0,10000,,'',0,10000,,'',0,10000,,'',0
'252',800,112300,4,'',0,10000,4,'',0,10000,4,'',0,10000,4,'',0,10000,4,'',0,10000,4,'',0,10000,4,'',0,10000,4,'',0,10000,4,'',0
'252',801,100000,,'',0,10000,,'',0,10000,,'',0,10000,,'',0,10000,,'',0,10000,,'',0,10000,,'',0,10000,,'',0,10000,,'',0
