700,'295',500,,1482,,,0,30,,1483,,,0,70,,1484,,,0,20,,1485,,,0,20,,1486,,,0,60,,1487,,,0,15,,1488,,,0,15,,1489,,,0,15,,1490,,,0,55,,1491,,,0,15,,1492,,,0,15,,1493,,,0,15,,1494,,,0,55,,1495,,,0,15,,1496,,,0,15,,1497,,,0,15,,1498,,,0,55,,1499,,,0,15,,1500,,,0,15,,1501,,,0,15,,1502,,,0,55,,1503,,,0,15,,1504,,,0,15,,1505,,,0,15,,1506,,,0,55,,1507,,,0,15,,1508,,,0,15,,1509,,,0,15,,1510,,,0,55,,1511,,,0,15,,1512,,,0,15,,1513,,,0,15,,1514,,,0,55,,1515,,,0,15,,1516,,,0,15,,1517,,,0,15,,1518,,,0,55,,1519,,,0,15,,1520,,,0,15,,1521,,,0,15,,1522,,,0,55,,1523,,,0,15,,1524,,,0,15,,1525,,,0,15,,1526,,,0,55,,1527,,,0,15,,1528,,,0,15,,1529,,,0,15,,1530,,,0,55,,1531,,,0,30,,1532,,,0,70,,1533,,,0,30,,1534,,,0,70,,1535,,,0,30,,1536,,,0,70,,1537,,,0,30,,1538,,,0,85,,1539,,,0
700,'296',700,,1540,,,0,100,,1541,,,0,30,,1542,,,0,70,,1543,,,0,30,,1544,,,0,70,,1545,,,0,30,,1546,,,0,70,,1547,,,0,20,,1548,,,0,20,,1549,,,0,60,,1550,,,0,20,,1551,,,0,20,,1552,,,0,60,,1553,,,0,20,,1554,,,0,20,,1555,,,0,60,,1556,,,0,20,,1557,,,0,20,,1558,,,0,60,,1559,,,0,20,,1560,,,0,20,,1561,,,0,60,,1562,,,0,30,,1563,,,0,70,,1564,,,0,30,,1565,,,0,70,,1566,,,0,30,,1567,,,0,70,,1568,,,0,30,,1569,,,0,70,,1570,,,0,30,,1571,,,0,70,,1572,,,0,30,,1573,,,0,70,,1574,,,0
700,'297',700,,1575,,,0,100,,1576,,,0,100,,1577,,,0,30,,1578,,,0,70,,1579,,,0,30,,1580,,,0,70,,1581,,,0,30,,1582,,,0,70,,1583,,,0,30,,1584,,,0,70,,1585,,,0,30,,1586,,,0,70,,1587,,,0,30,,1588,,,0,70,,1589,,,0,30,,1590,,,0,70,,1591,,,0,30,,1592,,,0,70,,1593,,,0,30,,1594,,,0,70,,1595,,,0,30,,1596,,,0,70,,1597,,,0,100,,1598,,,0,100,,1599,,,0,100,,1600,,,0
701,'295',539,,1601,4,,0,71,,1602,4,,0,33,,1603,4,,0,60,,1604,4,,0,20,,1605,4,,0,24,,1606,4,,0,55,,1607,4,,0,15,,1608,4,,0,15,,1609,4,,0,16,,1610,4,,0,55,,1611,4,,0,15,,1612,4,,0,15,,1613,4,,0,15,,1614,4,,0,56,,1615,4,,0,16,,1616,4,,0,15,,1617,4,,0,15,,1618,4,,0,55,,1619,4,,0,15,,1620,4,,0,15,,1621,4,,0,18,,1622,4,,0,57,,1623,4,,0,15,,1624,4,,0,15,,1625,4,,0,15,,1626,4,,0,55,,1627,4,,0,15,,1628,4,,0,15,,1629,4,,0,15,,1630,4,,0,55,,1631,4,,0,15,,1632,4,,0,15,,1633,4,,0,15,,1634,4,,0,55,,1635,4,,0,15,,1636,4,,0,15,,1637,4,,0,15,,1638,4,,0,55,,1639,4,,0,15,,1640,4,,0,15,,1641,4,,0,14,,1642,4,,0,55,,1643,4,,0,14,,1644,4,,0,15,,1645,4,,0,14,,1646,4,,0,55,,1647,4,,0,14,,1648,4,,0,15,,1649,4,,0,14,,1650,4,,0,69,,1651,4,,0,28,,1652,4,,0,68,,1653,4,,0,30,,1654,4,,0,67,,1655,4,,0,27,,1656,4,,0,69,,1657,4,,0,45,,1658,4,,0
701,'296',743,,1659,4,,0,102,,1660,4,,0,69,,1661,4,,0,34,,1662,4,,0,72,,1663,4,,0,30,,1664,4,,0,71,,1665,4,,0,32,,1666,4,,0,60,,1667,4,,0,21,,1668,4,,0,20,,1669,4,,0,59,,1670,4,,0,19,,1671,4,,0,20,,1672,4,,0,60,,1673,4,,0,20,,1674,4,,0,20,,1675,4,,0,60,,1676,4,,0,20,,1677,4,,0,20,,1678,4,,0,59,,1679,4,,0,20,,1680,4,,0,20,,1681,4,,0,70,,1682,4,,0,30,,1683,4,,0,69,,1684,4,,0,28,,1685,4,,0,70,,1686,4,,0,28,,1687,4,,0,70,,1688,4,,0,29,,1689,4,,0,67,,1690,4,,0,28,,1691,4,,0,70,,1692,4,,0,27,,1693,4,,0
701,'297',738,,1694,4,,0,102,,1695,4,,0,105,,1696,4,,0,70,,1697,4,,0,30,,1698,4,,0,71,,1699,4,,0,28,,1700,4,,0,73,,1701,4,,0,30,,1702,4,,0,70,,1703,4,,0,30,,1704,4,,0,70,,1705,4,,0,30,,1706,4,,0,70,,1707,4,,0,30,,1708,4,,0,70,,1709,4,,0,30,,1710,4,,0,69,,1711,4,,0,29,,1712,4,,0,70,,1713,4,,0,29,,1714,4,,0,70,,1715,4,,0,28,,1716,4,,0,99,,1717,4,,0,98,,1718,4,,0,100,,1719,4,,0
2900,'295',530,,2063,,,0,70,,2064,,,0,30,,2065,,,0,70,,2066,,,0,30,,2067,,,0,70,,2068,,,0,30,,2069,,,0,70,,2070,,,0,30,,2071,,,0,70,,2072,,,0,30,,2073,,,0,70,,2074,,,0,30,,2075,,,0,70,,2076,,,0,30,,2077,,,0,70,,2078,,,0,30,,2079,,,0,70,,2080,,,0,30,,2081,,,0,70,,2082,,,0,30,,2083,,,0,70,,2084,,,0,30,,2085,,,0,70,,2086,,,0,30,,2087,,,0,70,,2088,,,0,30,,2089,,,0,70,,2090,,,0,100,,2091,,,0,100,,2092,,,0,115,,2093,,,0
2900,'296',745,,2094,,,0,85,,2095,,,0,85,,2096,,,0,85,,2097,,,0,45,,2098,,,0,85,,2099,,,0,85,,2100,,,0,85,,2101,,,0,45,,2102,,,0,85,,2103,,,0,85,,2104,,,0,85,,2105,,,0,45,,2106,,,0,85,,2107,,,0,85,,2108,,,0,85,,2109,,,0,100,,2110,,,0,100,,2111,,,0
2900,'297',800,,2112,,,0,45,,2113,,,0,85,,2114,,,0,85,,2115,,,0,85,,2116,,,0,45,,2117,,,0,85,,2118,,,0,95,,2119,,,0,75,,2120,,,0,45,,2121,,,0,85,,2122,,,0,85,,2123,,,0,85,,2124,,,0,45,,2125,,,0,85,,2126,,,0,85,,2127,,,0,85,,2128,,,0,100,,2129,,,0
2901,'295',619,,2130,4,,0,32,,2131,4,,0,72,,2132,4,,0,31,,2133,4,,0,71,,2134,4,,0,30,,2135,4,,0,70,,2136,4,,0,30,,2137,4,,0,70,,2138,4,,0,30,,2139,4,,0,72,,2140,4,,0,30,,2141,4,,0,71,,2142,4,,0,30,,2143,4,,0,70,,2144,4,,0,31,,2145,4,,0,70,,2146,4,,0,30,,2147,4,,0,70,,2148,4,,0,25,,2149,4,,0,77,,2150,4,,0,70,,2151,4,,0,30,,2152,4,,0,69,,2153,4,,0,28,,2154,4,,0,28,,2155,4,,0,70,,2156,4,,0,29,,2157,4,,0,98,,2158,4,,0,96,,2159,4,,0,99,,2160,4,,0
2901,'296',853,,2161,4,,0,85,,2162,4,,0,86,,2163,4,,0,86,,2164,4,,0,46,,2165,4,,0,85,,2166,4,,0,85,,2167,4,,0,86,,2168,4,,0,45,,2169,4,,0,83,,2170,4,,0,80,,2171,4,,0,90,,2172,4,,0,45,,2173,4,,0,84,,2174,4,,0,84,,2175,4,,0,84,,2176,4,,0,45,,2177,4,,0,99,,2178,4,,0
2901,'297',851,,2179,4,,0,86,,2180,4,,0,86,,2181,4,,0,85,,2182,4,,0,44,,2183,4,,0,86,,2184,4,,0,85,,2185,4,,0,85,,2186,4,,0,45,,2187,4,,0,86,,2188,4,,0,85,,2189,4,,0,84,,2190,4,,0,45,,2191,4,,0,86,,2192,4,,0,82,,2193,4,,0,85,,2194,4,,0,44,,2195,4,,0,100,,2196,4,,0
