200,'295',520,,1099,4,,0,104,,1100,4,,0,88,,1101,4,,0,35,,1102,4,,0,75,,1103,4,,0,35,,1104,4,,0,75,,1105,4,,0,75,,1106,4,,0,48,,1107,4,,0,72,,1108,4,,0,25,,1109,4,,0,75,,1110,4,,0,75,,1111,4,,0,35,,1112,4,,0,76,,1113,4,,0,35,,1114,4,,0,75,,1115,4,,0,30,,1116,4,,0,80,,1117,4,,0,75,,1118,4,,0,35,,1119,4,,0,89,,1120,4,,0,79,,1121,4,,0,45,,1122,4,,0,85,,1123,4,,0
200,'296',925,,1124,4,,0,85,,1125,4,,0,45,,1126,4,,0,85,,1127,4,,0,85,,1128,4,,0,85,,1129,4,,0,45,,1130,4,,0,85,,1131,4,,0,85,,1132,4,,0,85,,1133,4,,0,45,,1134,4,,0,85,,1135,4,,0,84,,1136,4,,0,85,,1137,4,,0,45,,1138,4,,0
200,'297',1008,,1139,4,,0,45,,1140,4,,0,85,,1141,4,,0,85,,1142,4,,0,85,,1143,4,,0,45,,1144,4,,0,85,,1145,4,,0,85,,1146,4,,0,85,,1147,4,,0,45,,1148,4,,0,85,,1149,4,,0,85,,1150,4,,0,85,,1151,4,,0,45,,1152,4,,0
201,'295',455,,1153,,,0,145,,1154,,,0,45,,1155,,,0,75,,1156,,,0,35,,1157,,,0,75,,1158,,,0,75,,1159,,,0,35,,1160,,,0,90,,1161,,,0,70,,1162,,,0,25,,1163,,,0,75,,1164,,,0,35,,1165,,,0,75,,1166,,,0,35,,1167,,,0,75,,1168,,,0,35,,1169,,,0,70,,1170,,,0,80,,1171,,,0,35,,1172,,,0,75,,1173,,,0,90,,1174,,,0,40,,1175,,,0,85,,1176,,,0,85,,1177,,,0
201,'296',900,,1178,,,0,45,,1179,,,0,85,,1180,,,0,85,,1181,,,0,85,,1182,,,0,45,,1183,,,0,85,,1184,,,0,85,,1185,,,0,85,,1186,,,0,45,,1187,,,0,85,,1188,,,0,85,,1189,,,0,85,,1190,,,0,45,,1191,,,0,85,,1192,,,0
201,'297',945,,1193,,,0,85,,1194,,,0,85,,1195,,,0,85,,1196,,,0,45,,1197,,,0,85,,1198,,,0,85,,1199,,,0,85,,1200,,,0,45,,1201,,,0,85,,1202,,,0,85,,1203,,,0,85,,1204,,,0,45,,1205,,,0,85,,1206,,,0
1200,'295',500,,1794,,,0,30,,1795,,,0,70,,1796,,,0,30,,1797,,,0,70,,1798,,,0,30,,1799,,,0,70,,1800,,,0,30,,1801,,,0,70,,1802,,,0,30,,1803,,,0,70,,1804,,,0,30,,1805,,,0,70,,1806,,,0,35,,1807,,,0,65,,1808,,,0,30,,1809,,,0,70,,1810,,,0,30,,1811,,,0,70,,1812,,,0,30,,1813,,,0,70,,1814,,,0,30,,1815,,,0,70,,1816,,,0,35,,1817,,,0,65,,1818,,,0,30,,1819,,,0,70,,1820,,,0,30,,1821,,,0,70,,1822,,,0,30,,1823,,,0,85,,1824,,,0,85,,1825,,,0,45,,1826,,,0,85,,1827,,,0
1200,'296',715,,1828,,,0,90,,1829,,,0,50,,1830,,,0,90,,1831,,,0,80,,1832,,,0,85,,1833,,,0,90,,1834,,,0,40,,1835,,,0,85,,1836,,,0,90,,1837,,,0,35,,1838,,,0,90,,1839,,,0,85,,1840,,,0,85,,1841,,,0,45,,1842,,,0,85,,1843,,,0,90,,1844,,,0,85,,1845,,,0,85,,1846,,,0,50,,1847,,,0
1200,'297',830,,1848,,,0,85,,1849,,,0,90,,1850,,,0,20,,1851,,,0,75,,1852,,,0,40,,1853,,,0,95,,1854,,,0,90,,1855,,,0,90,,1856,,,0,90,,1857,,,0,50,,1858,,,0,90,,1859,,,0,95,,1860,,,0,85,,1861,,,0,75,,1862,,,0,45,,1863,,,0,85,,1864,,,0,85,,1865,,,0
1201,'295',544,,1866,4,,0,75,,1867,4,,0,27,,1868,4,,0,70,,1869,4,,0,30,,1870,4,,0,71,,1871,4,,0,30,,1872,4,,0,70,,1873,4,,0,29,,1874,4,,0,70,,1875,4,,0,30,,1876,4,,0,70,,1877,4,,0,30,,1878,4,,0,75,,1879,4,,0,25,,1880,4,,0,72,,1881,4,,0,30,,1882,4,,0,72,,1883,4,,0,30,,1884,4,,0,70,,1885,4,,0,35,,1886,4,,0,65,,1887,4,,0,29,,1888,4,,0,75,,1889,4,,0,28,,1890,4,,0,65,,1891,4,,0,28,,1892,4,,0,73,,1893,4,,0,25,,1894,4,,0,70,,1895,4,,0,45,,1896,4,,0,85,,1897,4,,0,85,,1898,4,,0
1201,'296',758,,1899,4,,0,95,,1900,4,,0,86,,1901,4,,0,90,,1902,4,,0,80,,1903,4,,0,45,,1904,4,,0,90,,1905,4,,0,80,,1906,4,,0,85,,1907,4,,0,50,,1908,4,,0,80,,1909,4,,0,85,,1910,4,,0,86,,1911,4,,0,44,,1912,4,,0,85,,1913,4,,0,84,,1914,4,,0,90,,1915,4,,0,45,,1916,4,,0,85,,1917,4,,0
1201,'297',914,,1918,4,,0,45,,1919,4,,0,92,,1920,4,,0,93,,1921,4,,0,90,,1922,4,,0,85,,1923,4,,0,90,,1924,4,,0,50,,1925,4,,0,90,,1926,4,,0,90,,1927,4,,0,95,,1928,4,,0,89,,1929,4,,0,85,,1930,4,,0,40,,1931,4,,0,85,,1932,4,,0,85,,1933,4,,0
