'250',400,53000,,'',0,7500,,'',0,4500,,'',0,8500,,'',0,8500,,'',0,8500,,'',0,4000,,'',0,9000,,'',0,9000,,'',0,9000,,'',0,3500,,'',0,8500,,'',0,8500,,'',0,8500,,'',0,4000,,'',0,9000,,'',0,9500,,'',0,10000,,'',0,10000,,'',0,10000,,'',0
'250',401,54900,4,'',0,7500,4,'',0,8500,4,'',0,4500,4,'',0,8500,4,'',0,8500,4,'',0,8000,4,'',0,4500,4,'',0,9000,4,'',0,8500,4,'',0,8500,4,'',0,4500,4,'',0,8500,4,'',0,8500,4,'',0,8500,4,'',0,4500,4,'',0,10000,4,'',0,10000,4,'',0,10000,4,'',0
'251',400,85500,,'',0,14500,,'',0,5500,,'',0,14500,,'',0,5500,,'',0,10000,,'',0,10000,,'',0,10000,,'',0,10000,,'',0,10000,,'',0,7500,,'',0,2500,,'',0
'251',401,84900,4,'',0,10400,4,'',0,9500,4,'',0,10500,4,'',0,9500,4,'',0,10000,4,'',0,10000,4,'',0,10000,4,'',0,9900,4,'',0,10000,4,'',0,10000,4,'',0,10100,4,'',0
'252',400,90000,,'',0,5500,,'',0,10000,,'',0,9000,,'',0,8500,,'',0,2000,,'',0,8500,,'',0,9500,,'',0,9500,,'',0,9500,,'',0,9500,,'',0,4000,,'',0,8500,,'',0
'252',401,95000,4,'',0,9500,4,'',0,9500,4,'',0,9500,4,'',0,8500,4,'',0,3500,4,'',0,6500,4,'',0,9500,4,'',0,9500,4,'',0,3500,4,'',0,6000,4,'',0,10000,4,'',0
'250',600,61500,,'',0,8500,,'',0,4000,,'',0,8000,,'',0,8000,,'',0,4000,,'',0,8000,,'',0,3000,,'',0,9000,,'',0,8000,,'',0,3500,,'',0,8500,,'',0,8000,,'',0,8000,,'',0,4000,,'',0,8000,,'',0,8000,,'',0,4000,,'',0
'250',601,64300,4,'',0,8500,4,'',0,8000,4,'',0,4000,4,'',0,8000,4,'',0,8000,4,'',0,4000,4,'',0,7000,4,'',0,9000,4,'',0,4000,4,'',0,7600,4,'',0,8500,4,'',0,3900,4,'',0,8100,4,'',0,8000,4,'',0,4000,4,'',0,7900,4,'',0,8000,4,'',0
'251',600,91000,,'',0,3500,,'',0,8000,,'',0,8000,,'',0,4000,,'',0,8000,,'',0,8000,,'',0,4000,,'',0,8000,,'',0,8000,,'',0,4000,,'',0,8000,,'',0,7500,,'',0
'251',601,93500,4,'',0,7700,4,'',0,4000,4,'',0,8000,4,'',0,8000,4,'',0,4000,4,'',0,8000,4,'',0,8000,4,'',0,4000,4,'',0,8000,4,'',0,8000,4,'',0,4000,4,'',0,7500,4,'',0
'252',600,90000,,'',0,4000,,'',0,8000,,'',0,8000,,'',0,4000,,'',0,8000,,'',0,8000,,'',0,4000,,'',0,8000,,'',0,8000,,'',0,4000,,'',0,8000,,'',0,8000,,'',0
'252',601,92600,4,'',0,8000,4,'',0,4000,4,'',0,8000,4,'',0,8000,4,'',0,4000,4,'',0,8000,4,'',0,8000,4,'',0,4000,4,'',0,8000,4,'',0,8000,4,'',0,4000,4,'',0,8000,4,'',0
'250',1900,63000,,'',0,7000,,'',0,4500,,'',0,8500,,'',0,8500,,'',0,8500,,'',0,4500,,'',0,8500,,'',0,8500,,'',0,8500,,'',0,4500,,'',0,8500,,'',0,8500,,'',0,8500,,'',0,5000,,'',0,8000,,'',0,8500,,'',0,8500,,'',0,4500,,'',0,8500,,'',0
'250',1901,62900,4,'',0,1500,4,'',0,7200,4,'',0,10800,4,'',0,8500,4,'',0,4500,4,'',0,8500,4,'',0,8500,4,'',0,8500,4,'',0,4500,4,'',0,8500,4,'',0,8000,4,'',0,9000,4,'',0,4500,4,'',0,8500,4,'',0,8500,4,'',0,8500,4,'',0,5000,4,'',0,8000,4,'',0,8500,4,'',0
'251',1900,81500,,'',0,10000,,'',0,2500,,'',0,6000,,'',0,4500,,'',0,8500,,'',0,8500,,'',0,8500,,'',0,4500,,'',0,8500,,'',0,8500,,'',0,8500,,'',0,4500,,'',0,8500,,'',0,8500,,'',0,8500,,'',0,4500,,'',0,8500,,'',0
'251',1901,80900,4,'',0,4500,4,'',0,8000,4,'',0,2000,4,'',0,8500,4,'',0,8500,4,'',0,8500,4,'',0,4500,4,'',0,6000,4,'',0,2500,4,'',0,8500,4,'',0,8500,4,'',0,4500,4,'',0,8500,4,'',0,8500,4,'',0,8500,4,'',0,2500,4,'',0,2000,4,'',0,8500,4,'',0,8500,4,'',0
'252',1900,90000,,'',0,4500,,'',0,8500,,'',0,8500,,'',0,8500,,'',0,4500,,'',0,8500,,'',0,8500,,'',0,8500,,'',0,4500,,'',0,8500,,'',0,8500,,'',0,8500,,'',0,4500,,'',0,8500,,'',0
'252',1901,93900,4,'',0,8500,4,'',0,1500,4,'',0,7000,4,'',0,4500,4,'',0,6000,4,'',0,2500,4,'',0,8500,4,'',0,1500,4,'',0,7000,4,'',0,4500,4,'',0,8500,4,'',0,8500,4,'',0,8500,4,'',0,4500,4,'',0,8500,4,'',0,8500,4,'',0
