600,'295',617,,1394,,,0,85,,1395,,,0,40,,1396,,,0,80,,1397,,,0,80,,1398,,,0,40,,1399,,,0,80,,1400,,,0,30,,1401,,,0,91,,1402,,,0,80,,1403,,,0,35,,1404,,,0,85,,1405,,,0,80,,1406,,,0,80,,1407,,,0,50,,1408,,,0,75,,1409,,,0,75,,1410,,,0,39,,1411,,,0
600,'296',912,,1412,,,0,35,,1413,,,0,80,,1414,,,0,80,,1415,,,0,40,,1416,,,0,80,,1417,,,0,80,,1418,,,0,40,,1419,,,0,80,,1420,,,0,80,,1421,,,0,40,,1422,,,0,80,,1423,,,0,75,,1424,,,0
600,'297',902,,1425,,,0,40,,1426,,,0,80,,1427,,,0,80,,1428,,,0,40,,1429,,,0,80,,1430,,,0,80,,1431,,,0,40,,1432,,,0,80,,1433,,,0,80,,1434,,,0,40,,1435,,,0,80,,1436,,,0,95,,1437,,,0
1800,'295',546,,1934,,,0,101,,1935,,,0,97,,1936,,,0,605,,1937,,,0,70,,1938,,,0,98,,1939,,,0,107,,1940,,,0,101,,1941,,,0
1900,'295',631,,1952,,,0,71,,1953,,,0,45,,1954,,,0,85,,1955,,,0,85,,1956,,,0,85,,1957,,,0,45,,1958,,,0,85,,1959,,,0,85,,1960,,,0,35,,1961,,,0,95,,1962,,,0,85,,1963,,,0,85,,1964,,,0,85,,1965,,,0,50,,1966,,,0,80,,1967,,,0,84,,1968,,,0,85,,1969,,,0,45,,1970,,,0,95,,1971,,,0
1900,'296',817,,1972,,,0,100,,1973,,,0,25,,1974,,,0,60,,1975,,,0,45,,1976,,,0,85,,1977,,,0,85,,1978,,,0,85,,1979,,,0,45,,1980,,,0,85,,1981,,,0,85,,1982,,,0,85,,1983,,,0,45,,1984,,,0,85,,1985,,,0,85,,1986,,,0,85,,1987,,,0,45,,1988,,,0,85,,1989,,,0
1900,'297',901,,1990,,,0,45,,1991,,,0,85,,1992,,,0,85,,1993,,,0,85,,1994,,,0,45,,1995,,,0,85,,1996,,,0,85,,1997,,,0,85,,1998,,,0,45,,1999,,,0,85,,2000,,,0,85,,2001,,,0,85,,2002,,,0,45,,2003,,,0,85,,2004,,,0
2900,'295',603,,2063,,,0,30,,2064,,,0,70,,2065,,,0,31,,2066,,,0,70,,2067,,,0,30,,2068,,,0,70,,2069,,,0,30,,2070,,,0,70,,2071,,,0,31,,2072,,,0,69,,2073,,,0,30,,2074,,,0,70,,2075,,,0,30,,2076,,,0,70,,2077,,,0,31,,2078,,,0,70,,2079,,,0,32,,2080,,,0,71,,2081,,,0,32,,2082,,,0,72,,2083,,,0,28,,2084,,,0,70,,2085,,,0,31,,2086,,,0,67,,2087,,,0,29,,2088,,,0,68,,2089,,,0,30,,2090,,,0,100,,2091,,,0,99,,2092,,,0,113,,2093,,,0
2900,'296',819,,2094,,,0,86,,2095,,,0,45,,2096,,,0,85,,2097,,,0,85,,2098,,,0,85,,2099,,,0,45,,2100,,,0,85,,2101,,,0,85,,2102,,,0,86,,2103,,,0,46,,2104,,,0,85,,2105,,,0,85,,2106,,,0,85,,2107,,,0,44,,2108,,,0,84,,2109,,,0,100,,2110,,,0,100,,2111,,,0
2900,'297',832,,2112,,,0,85,,2113,,,0,86,,2114,,,0,45,,2115,,,0,85,,2116,,,0,86,,2117,,,0,85,,2118,,,0,55,,2119,,,0,75,,2120,,,0,85,,2121,,,0,85,,2122,,,0,45,,2123,,,0,86,,2124,,,0,84,,2125,,,0,85,,2126,,,0,44,,2127,,,0,85,,2128,,,0,100,,2129,,,0
