400,'298',530,,2404,,,0,75,,2405,,,0,45,,2406,,,0,85,,2407,,,0,85,,2408,,,0,85,,2409,,,0,40,,2410,,,0,90,,2411,,,0,90,,2412,,,0,90,,2413,,,0,35,,2414,,,0,85,,2415,,,0,85,,2416,,,0,85,,2417,,,0,40,,2418,,,0,95,,2419,,,0,90,,2420,,,0,90,,2421,,,0,110,,2422,,,0,100,,2423,,,0
400,'299',855,,2424,,,0,145,,2425,,,0,55,,2426,,,0,145,,2427,,,0,55,,2428,,,0,100,,2429,,,0,100,,2430,,,0,100,,2431,,,0,100,,2432,,,0,100,,2433,,,0,75,,2434,,,0,25,,2435,,,0
400,'300',900,,2436,,,0,55,,2437,,,0,100,,2438,,,0,90,,2439,,,0,85,,2440,,,0,20,,2441,,,0,85,,2442,,,0,95,,2443,,,0,95,,2444,,,0,95,,2445,,,0,85,,2446,,,0,50,,2447,,,0,85,,2448,,,0
401,'298',549,,2449,4,,0,75,,2450,4,,0,85,,2451,4,,0,45,,2452,4,,0,85,,2453,4,,0,85,,2454,4,,0,80,,2455,4,,0,45,,2456,4,,0,90,,2457,4,,0,85,,2458,4,,0,85,,2459,4,,0,40,,2460,4,,0,91,,2461,4,,0,85,,2462,4,,0,85,,2463,4,,0,45,,2464,4,,0,99,,2465,4,,0,99,,2466,4,,0,99,,2467,4,,0
401,'299',848,,2468,4,,0,105,,2469,4,,0,95,,2470,4,,0,105,,2471,4,,0,95,,2472,4,,0,100,,2473,4,,0,100,,2474,4,,0,100,,2475,4,,0,99,,2476,4,,0,100,,2477,4,,0,100,,2478,4,,0,101,,2479,4,,0
401,'300',948,,2480,4,,0,95,,2481,4,,0,95,,2482,4,,0,95,,2483,4,,0,85,,2484,4,,0,35,,2485,4,,0,65,,2486,4,,0,95,,2487,4,,0,95,,2488,4,,0,35,,2489,4,,0,60,,2490,4,,0,100,,2491,4,,0
600,'298',615,,2492,,,0,85,,2493,,,0,40,,2494,,,0,80,,2495,,,0,80,,2496,,,0,40,,2497,,,0,80,,2498,,,0,30,,2499,,,0,90,,2500,,,0,80,,2501,,,0,35,,2502,,,0,85,,2503,,,0,80,,2504,,,0,80,,2505,,,0,50,,2506,,,0,75,,2507,,,0,75,,2508,,,0,40,,2509,,,0
600,'299',910,,2510,,,0,35,,2511,,,0,80,,2512,,,0,80,,2513,,,0,40,,2514,,,0,80,,2515,,,0,80,,2516,,,0,40,,2517,,,0,80,,2518,,,0,80,,2519,,,0,40,,2520,,,0,80,,2521,,,0,75,,2522,,,0
600,'300',900,,2523,,,0,40,,2524,,,0,80,,2525,,,0,80,,2526,,,0,40,,2527,,,0,80,,2528,,,0,80,,2529,,,0,40,,2530,,,0,80,,2531,,,0,80,,2532,,,0,40,,2533,,,0,80,,2534,,,0,95,,2535,,,0
601,'298',640,,2536,4,,0,87,,2537,4,,0,80,,2538,4,,0,40,,2539,4,,0,80,,2540,4,,0,81,,2541,4,,0,40,,2542,4,,0,70,,2543,4,,0,91,,2544,4,,0,40,,2545,4,,0,75,,2546,4,,0,85,,2547,4,,0,40,,2548,4,,0,80,,2549,4,,0,90,,2550,4,,0,35,,2551,4,,0,75,,2552,4,,0,79,,2553,4,,0
601,'299',935,,2554,4,,0,75,,2555,4,,0,40,,2556,4,,0,80,,2557,4,,0,80,,2558,4,,0,40,,2559,4,,0,80,,2560,4,,0,80,,2561,4,,0,40,,2562,4,,0,82,,2563,4,,0,80,,2564,4,,0,40,,2565,4,,0,75,,2566,4,,0
601,'300',925,,2567,4,,0,80,,2568,4,,0,40,,2569,4,,0,80,,2570,4,,0,80,,2571,4,,0,40,,2572,4,,0,80,,2573,4,,0,80,,2574,4,,0,40,,2575,4,,0,80,,2576,4,,0,80,,2577,4,,0,40,,2578,4,,0,95,,2579,4,,0
1900,'298',630,,3050,,,0,70,,3051,,,0,45,,3052,,,0,85,,3053,,,0,85,,3054,,,0,85,,3055,,,0,45,,3056,,,0,85,,3057,,,0,85,,3058,,,0,35,,3059,,,0,95,,3060,,,0,85,,3061,,,0,85,,3062,,,0,85,,3063,,,0,50,,3064,,,0,80,,3065,,,0,85,,3066,,,0,85,,3067,,,0,45,,3068,,,0,95,,3069,,,0
1900,'299',815,,3070,,,0,100,,3071,,,0,25,,3072,,,0,60,,3073,,,0,45,,3074,,,0,85,,3075,,,0,85,,3076,,,0,85,,3077,,,0,45,,3078,,,0,85,,3079,,,0,85,,3080,,,0,85,,3081,,,0,45,,3082,,,0,85,,3083,,,0,85,,3084,,,0,85,,3085,,,0,45,,3086,,,0,85,,3087,,,0
1900,'300',900,,3088,,,0,45,,3089,,,0,85,,3090,,,0,85,,3091,,,0,85,,3092,,,0,45,,3093,,,0,85,,3094,,,0,85,,3095,,,0,85,,3096,,,0,45,,3097,,,0,85,,3098,,,0,85,,3099,,,0,85,,3100,,,0,45,,3101,,,0,85,,3102,,,0
1901,'298',629,,3103,4,,0,15,,3104,4,,0,72,,3105,4,,0,20,,3106,4,,0,90,,3107,4,,0,85,,3108,4,,0,45,,3109,4,,0,86,,3110,4,,0,85,,3111,4,,0,87,,3112,4,,0,43,,3113,4,,0,84,,3114,4,,0,81,,3115,4,,0,90,,3116,4,,0,44,,3117,4,,0,85,,3118,4,,0,85,,3119,4,,0,83,,3120,4,,0,50,,3121,4,,0,80,,3122,4,,0,85,,3123,4,,0
1901,'299',809,,3124,4,,0,45,,3125,4,,0,80,,3126,4,,0,19,,3127,4,,0,85,,3128,4,,0,85,,3129,4,,0,85,,3130,4,,0,46,,3131,4,,0,60,,3132,4,,0,25,,3133,4,,0,85,,3134,4,,0,85,,3135,4,,0,45,,3136,4,,0,85,,3137,4,,0,85,,3138,4,,0,85,,3139,4,,0,25,,3140,4,,0,20,,3141,4,,0,85,,3142,4,,0,85,,3143,4,,0
1901,'300',938,,3144,4,,0,85,,3145,4,,0,15,,3146,4,,0,70,,3147,4,,0,45,,3148,4,,0,60,,3149,4,,0,25,,3150,4,,0,85,,3151,4,,0,15,,3152,4,,0,70,,3153,4,,0,45,,3154,4,,0,85,,3155,4,,0,85,,3156,4,,0,85,,3157,4,,0,45,,3158,4,,0,85,,3159,4,,0,85,,3160,4,,0
