200,'298',520,,1,14,4,,0,104,,2,14,4,,0,86,,3,14,4,,0,35,,4,14,4,,0,75,,5,14,4,,0,35,,6,14,4,,0,75,,7,14,4,,0,75,,8,14,4,,0,48,,9,14,4,,0,72,,10,14,4,,0,25,,11,14,4,,0,75,,12,14,4,,0,75,,13,14,4,,0,35,,14,14,4,,0,76,,15,14,4,,0,35,,16,14,4,,0,76,,17,14,4,,0,31,,18,14,4,,0,80,,19,14,4,,0,75,,20,14,4,,0,34,,21,14,4,,0,89,,22,14,4,,0,78,,23,14,4,,0,45,,24,14,4,,0,85,,25,14,4,,0
200,'299',924,,26,14,4,,0,85,,27,14,4,,0,45,,28,14,4,,0,85,,29,14,4,,0,85,,30,14,4,,0,85,,31,14,4,,0,45,,32,14,4,,0,85,,33,14,4,,0,85,,34,14,4,,0,85,,35,14,4,,0,45,,36,14,4,,0,85,,37,14,4,,0,85,,38,14,4,,0,85,,39,14,4,,0,45,,40,14,4,,0
200,'300',1008,,41,14,4,,0,45,,42,14,4,,0,85,,43,14,4,,0,85,,44,14,4,,0,85,,45,14,4,,0,45,,46,14,4,,0,85,,47,14,4,,0,85,,48,14,4,,0,85,,49,14,4,,0,45,,50,14,4,,0,85,,51,14,4,,0,85,,52,14,4,,0,85,,53,14,4,,0,45,,54,14,4,,0
201,'298',455,,55,1,,,0,145,,56,1,,,0,45,,57,1,,,0,75,,58,1,,,0,35,,59,1,,,0,75,,60,1,,,0,75,,61,1,,,0,35,,62,1,,,0,90,,63,1,,,0,70,,64,1,,,0,25,,65,1,,,0,75,,66,1,,,0,35,,67,1,,,0,75,,68,1,,,0,35,,69,1,,,0,75,,70,1,,,0,35,,71,1,,,0,70,,72,1,,,0,80,,73,1,,,0,35,,74,1,,,0,75,,75,1,,,0,90,,76,1,,,0,40,,77,1,,,0,85,,78,1,,,0,85,,79,1,,,0
201,'299',900,,80,1,,,0,45,,81,1,,,0,85,,82,1,,,0,85,,83,1,,,0,85,,84,1,,,0,45,,85,1,,,0,85,,86,1,,,0,85,,87,1,,,0,85,,88,1,,,0,45,,89,1,,,0,85,,90,1,,,0,85,,91,1,,,0,85,,92,1,,,0,45,,93,1,,,0,85,,94,1,,,0
201,'300',945,,95,1,,,0,85,,96,1,,,0,85,,97,1,,,0,85,,98,1,,,0,45,,99,1,,,0,85,,100,1,,,0,85,,101,1,,,0,85,,102,1,,,0,45,,103,1,,,0,85,,104,1,,,0,85,,105,1,,,0,85,,106,1,,,0,45,,107,1,,,0,85,,108,1,,,0
1200,'298',500,,696,1,,,0,30,,697,1,,,0,70,,698,1,,,0,30,,699,1,,,0,70,,700,1,,,0,30,,701,1,,,0,70,,702,1,,,0,30,,703,1,,,0,70,,704,1,,,0,30,,705,1,,,0,70,,706,1,,,0,30,,707,1,,,0,70,,708,1,,,0,35,,709,1,,,0,65,,710,1,,,0,30,,711,1,,,0,70,,712,1,,,0,30,,713,1,,,0,70,,714,1,,,0,30,,715,1,,,0,70,,716,1,,,0,30,,717,1,,,0,70,,718,1,,,0,35,,719,1,,,0,65,,720,1,,,0,30,,721,1,,,0,70,,722,1,,,0,30,,723,1,,,0,70,,724,1,,,0,30,,725,1,,,0,85,,726,1,,,0,85,,727,1,,,0,45,,728,1,,,0,85,,729,1,,,0
1200,'299',715,,730,1,,,0,90,,731,1,,,0,50,,732,1,,,0,90,,733,1,,,0,80,,734,1,,,0,85,,735,1,,,0,90,,736,1,,,0,40,,737,1,,,0,85,,738,1,,,0,90,,739,1,,,0,35,,740,1,,,0,90,,741,1,,,0,85,,742,1,,,0,85,,743,1,,,0,45,,744,1,,,0,85,,745,1,,,0,90,,746,1,,,0,85,,747,1,,,0,85,,748,1,,,0,50,,749,1,,,0
1200,'300',830,,750,1,,,0,85,,751,1,,,0,90,,752,1,,,0,20,,753,1,,,0,75,,754,1,,,0,40,,755,1,,,0,95,,756,1,,,0,90,,757,1,,,0,90,,758,1,,,0,90,,759,1,,,0,50,,760,1,,,0,90,,761,1,,,0,95,,762,1,,,0,85,,763,1,,,0,75,,764,1,,,0,45,,765,1,,,0,85,,766,1,,,0,85,,767,1,,,0
1201,'298',544,,768,24,4,,0,75,,769,24,4,,0,27,,770,24,4,,0,70,,771,24,4,,0,30,,772,24,4,,0,71,,773,24,4,,0,30,,774,24,4,,0,70,,775,24,4,,0,29,,776,24,4,,0,70,,777,24,4,,0,30,,778,24,4,,0,70,,779,24,4,,0,30,,780,24,4,,0,75,,781,24,4,,0,25,,782,24,4,,0,72,,783,24,4,,0,30,,784,24,4,,0,72,,785,24,4,,0,30,,786,24,4,,0,70,,787,24,4,,0,34,,788,24,4,,0,65,,789,24,4,,0,29,,790,24,4,,0,75,,791,24,4,,0,29,,792,24,4,,0,65,,793,24,4,,0,28,,794,24,4,,0,73,,795,24,4,,0,25,,796,24,4,,0,70,,797,24,4,,0,45,,798,24,4,,0,85,,799,24,4,,0,85,,800,24,4,,0
1201,'299',758,,801,24,4,,0,96,,802,24,4,,0,85,,803,24,4,,0,90,,804,24,4,,0,80,,805,24,4,,0,45,,806,24,4,,0,90,,807,24,4,,0,80,,808,24,4,,0,85,,809,24,4,,0,50,,810,24,4,,0,80,,811,24,4,,0,85,,812,24,4,,0,85,,813,24,4,,0,45,,814,24,4,,0,85,,815,24,4,,0,84,,816,24,4,,0,90,,817,24,4,,0,45,,818,24,4,,0,85,,819,24,4,,0
1201,'300',914,,820,24,4,,0,45,,821,24,4,,0,92,,822,24,4,,0,93,,823,24,4,,0,90,,824,24,4,,0,85,,825,24,4,,0,90,,826,24,4,,0,50,,827,24,4,,0,90,,828,24,4,,0,90,,829,24,4,,0,95,,830,24,4,,0,89,,831,24,4,,0,85,,832,24,4,,0,40,,833,24,4,,0,85,,834,24,4,,0,85,,835,24,4,,0
