601,'298',637,,340,11,,,0,87,,341,11,,,0,80,,342,11,,,0,40,,343,11,,,0,80,,344,11,,,0,81,,345,11,,,0,40,,346,11,,,0,70,,347,11,,,0,91,,348,11,,,0,40,,349,11,,,0,75,,350,11,,,0,85,,351,11,,,0,40,,352,11,,,0,80,,353,11,,,0,90,,354,11,,,0,35,,355,11,,,0,75,,356,11,,,0,79,,357,11,,,0
601,'299',932,,358,11,,,0,75,,359,11,,,0,40,,360,11,,,0,80,,361,11,,,0,80,,362,11,,,0,40,,363,11,,,0,80,,364,11,,,0,80,,365,11,,,0,40,,366,11,,,0,82,,367,11,,,0,80,,368,11,,,0,40,,369,11,,,0,75,,370,11,,,0
601,'300',922,,371,11,,,0,80,,372,11,,,0,40,,373,11,,,0,80,,374,11,,,0,80,,375,11,,,0,40,,376,11,,,0,80,,377,11,,,0,80,,378,11,,,0,40,,379,11,,,0,80,,380,11,,,0,80,,381,11,,,0,40,,382,11,,,0,95,,383,11,,,0
1801,'298',530,,844,31,,,0,70,,845,31,,,0,57,,846,31,,,0,70,,847,31,,,0,30,,848,31,,,0,99,,849,31,,,0,683,,850,31,,,0,100,,851,31,,,0,99,,852,31,,,0,99,,853,31,,,0
1901,'298',626,,907,13,,,0,15,,908,13,,,0,72,,909,13,,,0,20,,910,13,,,0,90,,911,13,,,0,85,,912,13,,,0,45,,913,13,,,0,85,,914,13,,,0,85,,915,13,,,0,87,,916,13,,,0,43,,917,13,,,0,84,,918,13,,,0,81,,919,13,,,0,90,,920,13,,,0,44,,921,13,,,0,85,,922,13,,,0,85,,923,13,,,0,84,,924,13,,,0,50,,925,13,,,0,80,,926,13,,,0,85,,927,13,,,0
1901,'299',806,,928,13,,,0,45,,929,13,,,0,80,,930,13,,,0,19,,931,13,,,0,85,,932,13,,,0,85,,933,13,,,0,85,,934,13,,,0,46,,935,13,,,0,60,,936,13,,,0,25,,937,13,,,0,85,,938,13,,,0,85,,939,13,,,0,45,,940,13,,,0,85,,941,13,,,0,85,,942,13,,,0,85,,943,13,,,0,25,,944,13,,,0,20,,945,13,,,0,85,,946,13,,,0,85,,947,13,,,0
1901,'300',935,,948,13,,,0,85,,949,13,,,0,15,,950,13,,,0,70,,951,13,,,0,45,,952,13,,,0,60,,953,13,,,0,25,,954,13,,,0,85,,955,13,,,0,15,,956,13,,,0,70,,957,13,,,0,45,,958,13,,,0,85,,959,13,,,0,85,,960,13,,,0,85,,961,13,,,0,45,,962,13,,,0,85,,963,13,,,0,85,,964,13,,,0
2901,'298',544,,1032,21,,,0,71,,1033,21,,,0,31,,1034,21,,,0,71,,1035,21,,,0,31,,1036,21,,,0,71,,1037,21,,,0,27,,1038,21,,,0,70,,1039,21,,,0,31,,1040,21,,,0,70,,1041,21,,,0,30,,1042,21,,,0,69,,1043,21,,,0,31,,1044,21,,,0,69,,1045,21,,,0,30,,1046,21,,,0,71,,1047,21,,,0,30,,1048,21,,,0,70,,1049,21,,,0,30,,1050,21,,,0,65,,1051,21,,,0,35,,1052,21,,,0,70,,1053,21,,,0,30,,1054,21,,,0,70,,1055,21,,,0,29,,1056,21,,,0,70,,1057,21,,,0,30,,1058,21,,,0,69,,1059,21,,,0,100,,1060,21,,,0,98,,1061,21,,,0,100,,1062,21,,,0
2901,'299',816,,1063,21,,,0,85,,1064,21,,,0,45,,1065,21,,,0,86,,1066,21,,,0,85,,1067,21,,,0,85,,1068,21,,,0,45,,1069,21,,,0,85,,1070,21,,,0,85,,1071,21,,,0,85,,1072,21,,,0,40,,1073,21,,,0,90,,1074,21,,,0,85,,1075,21,,,0,84,,1076,21,,,0,45,,1077,21,,,0,85,,1078,21,,,0,84,,1079,21,,,0,99,,1080,21,,,0
2901,'300',816,,1081,21,,,0,85,,1082,21,,,0,45,,1083,21,,,0,85,,1084,21,,,0,84,,1085,21,,,0,85,,1086,21,,,0,45,,1087,21,,,0,85,,1088,21,,,0,85,,1089,21,,,0,85,,1090,21,,,0,45,,1091,21,,,0,85,,1092,21,,,0,85,,1093,21,,,0,85,,1094,21,,,0,45,,1095,21,,,0,85,,1096,21,,,0,84,,1097,21,,,0,100,,1098,21,,,0
