300,'298',530,,109,2,,,0,95,,110,2,,,0,85,,111,2,,,0,45,,112,2,,,0,80,,113,2,,,0,85,,114,2,,,0,85,,115,2,,,0,45,,116,2,,,0,90,,117,2,,,0,75,,118,2,,,0,85,,119,2,,,0,50,,120,2,,,0,85,,121,2,,,0,85,,122,2,,,0,90,,123,2,,,0,40,,124,2,,,0,90,,125,2,,,0,85,,126,2,,,0,85,,127,2,,,0,45,,128,2,,,0
300,'299',835,,129,2,,,0,85,,130,2,,,0,85,,131,2,,,0,45,,132,2,,,0,85,,133,2,,,0,90,,134,2,,,0,80,,135,2,,,0,45,,136,2,,,0,90,,137,2,,,0,80,,138,2,,,0,85,,139,2,,,0,45,,140,2,,,0,85,,141,2,,,0,85,,142,2,,,0,85,,143,2,,,0,50,,144,2,,,0
300,'300',1035,,145,2,,,0,85,,146,2,,,0,85,,147,2,,,0,50,,148,2,,,0,90,,149,2,,,0,75,,150,2,,,0,85,,151,2,,,0,45,,152,2,,,0,85,,153,2,,,0,85,,154,2,,,0,85,,155,2,,,0,45,,156,2,,,0
801,'298',518,,659,32,,,0,102,,660,32,,,0,101,,661,32,,,0,100,,662,32,,,0,99,,663,32,,,0,100,,664,32,,,0,100,,665,32,,,0,95,,666,32,,,0,107,,667,32,,,0,97,,668,32,,,0,94,,669,32,,,0,111,,670,32,,,0,100,,671,32,,,0,96,,672,32,,,0,100,,673,32,,,0,100,,674,32,,,0
801,'299',819,,675,32,,,0,100,,676,32,,,0,100,,677,32,,,0,100,,678,32,,,0,100,,679,32,,,0,100,,680,32,,,0,100,,681,32,,,0,101,,682,32,,,0,100,,683,32,,,0,100,,684,32,,,0,99,,685,32,,,0,100,,686,32,,,0
801,'300',1018,,687,32,,,0,100,,688,32,,,0,100,,689,32,,,0,100,,690,32,,,0,100,,691,32,,,0,100,,692,32,,,0,100,,693,32,,,0,100,,694,32,,,0,101,,695,32,,,0
1201,'298',526,,768,2,,,0,75,,769,2,,,0,25,,770,2,,,0,30,,771,2,,,0,70,,772,2,,,0,30,,773,2,,,0,70,,774,2,,,0,30,,775,2,,,0,70,,776,2,,,0,30,,777,2,,,0,70,,778,2,,,0,30,,779,2,,,0,70,,780,2,,,0,75,,781,2,,,0,25,,782,2,,,0,30,,783,2,,,0,70,,784,2,,,0,30,,785,2,,,0,70,,786,2,,,0,30,,787,2,,,0,75,,788,2,,,0,25,,789,2,,,0,70,,790,2,,,0,75,,791,2,,,0,30,,792,2,,,0,25,,793,2,,,0,70,,794,2,,,0,75,,795,2,,,0,25,,796,2,,,0,30,,797,2,,,0,85,,798,2,,,0,85,,799,2,,,0,85,,800,2,,,0
1201,'299',741,,801,2,,,0,95,,802,2,,,0,85,,803,2,,,0,90,,804,2,,,0,40,,805,2,,,0,85,,806,2,,,0,90,,807,2,,,0,80,,808,2,,,0,45,,809,2,,,0,90,,810,2,,,0,80,,811,2,,,0,85,,812,2,,,0,45,,813,2,,,0,85,,814,2,,,0,85,,815,2,,,0,85,,816,2,,,0,50,,817,2,,,0,85,,818,2,,,0,85,,819,2,,,0
1201,'300',856,,820,2,,,0,85,,821,2,,,0,92,,822,2,,,0,93,,823,2,,,0,90,,824,2,,,0,85,,825,2,,,0,50,,826,2,,,0,90,,827,2,,,0,90,,828,2,,,0,90,,829,2,,,0,95,,830,2,,,0,90,,831,2,,,0,45,,832,2,,,0,80,,833,2,,,0,85,,834,2,,,0,85,,835,2,,,0
1800,'298',605,,836,24,,,0,103,,837,24,,,0,97,,838,24,,,0,606,,839,24,,,0,30,,840,24,,,0,100,,841,24,,,0,105,,842,24,,,0,102,,843,24,,,0
