600,'298',617,,296,3,,,0,85,,297,3,,,0,40,,298,3,,,0,80,,299,3,,,0,80,,300,3,,,0,40,,301,3,,,0,80,,302,3,,,0,30,,303,3,,,0,91,,304,3,,,0,80,,305,3,,,0,35,,306,3,,,0,85,,307,3,,,0,80,,308,3,,,0,80,,309,3,,,0,50,,310,3,,,0,75,,311,3,,,0,75,,312,3,,,0,40,,313,3,,,0
600,'299',912,,314,3,,,0,35,,315,3,,,0,80,,316,3,,,0,80,,317,3,,,0,40,,318,3,,,0,80,,319,3,,,0,80,,320,3,,,0,40,,321,3,,,0,80,,322,3,,,0,80,,323,3,,,0,40,,324,3,,,0,80,,325,3,,,0,75,,326,3,,,0
600,'300',902,,327,3,,,0,40,,328,3,,,0,80,,329,3,,,0,80,,330,3,,,0,40,,331,3,,,0,80,,332,3,,,0,80,,333,3,,,0,40,,334,3,,,0,80,,335,3,,,0,80,,336,3,,,0,40,,337,3,,,0,80,,338,3,,,0,95,,339,3,,,0
1800,'298',546,,836,3,,,0,102,,837,3,,,0,97,,838,3,,,0,605,,839,3,,,0,69,,840,3,,,0,99,,841,3,,,0,105,,842,3,,,0,104,,843,3,,,0
1900,'298',632,,854,3,,,0,70,,855,3,,,0,45,,856,3,,,0,85,,857,3,,,0,85,,858,3,,,0,85,,859,3,,,0,45,,860,3,,,0,85,,861,3,,,0,85,,862,3,,,0,35,,863,3,,,0,95,,864,3,,,0,85,,865,3,,,0,85,,866,3,,,0,85,,867,3,,,0,50,,868,3,,,0,80,,869,3,,,0,85,,870,3,,,0,85,,871,3,,,0,45,,872,3,,,0,95,,873,3,,,0
1900,'299',817,,874,3,,,0,100,,875,3,,,0,25,,876,3,,,0,60,,877,3,,,0,45,,878,3,,,0,85,,879,3,,,0,85,,880,3,,,0,85,,881,3,,,0,45,,882,3,,,0,85,,883,3,,,0,85,,884,3,,,0,85,,885,3,,,0,45,,886,3,,,0,85,,887,3,,,0,85,,888,3,,,0,85,,889,3,,,0,45,,890,3,,,0,85,,891,3,,,0
1900,'300',901,,892,3,,,0,45,,893,3,,,0,85,,894,3,,,0,86,,895,3,,,0,85,,896,3,,,0,45,,897,3,,,0,85,,898,3,,,0,85,,899,3,,,0,85,,900,3,,,0,45,,901,3,,,0,85,,902,3,,,0,85,,903,3,,,0,85,,904,3,,,0,45,,905,3,,,0,85,,906,3,,,0
2900,'298',604,,965,45,,,0,30,,966,45,,,0,71,,967,45,,,0,30,,968,45,,,0,70,,969,45,,,0,30,,970,45,,,0,69,,971,45,,,0,32,,972,45,,,0,70,,973,45,,,0,30,,974,45,,,0,70,,975,45,,,0,30,,976,45,,,0,70,,977,45,,,0,30,,978,45,,,0,70,,979,45,,,0,30,,980,45,,,0,70,,981,45,,,0,33,,982,45,,,0,71,,983,45,,,0,36,,984,45,,,0,67,,985,45,,,0,30,,986,45,,,0,69,,987,45,,,0,29,,988,45,,,0,68,,989,45,,,0,29,,990,45,,,0,68,,991,45,,,0,30,,992,45,,,0,98,,993,45,,,0,100,,994,45,,,0,113,,995,45,,,0
2900,'299',819,,996,45,,,0,86,,997,45,,,0,45,,998,45,,,0,85,,999,45,,,0,85,,1000,45,,,0,85,,1001,45,,,0,45,,1002,45,,,0,86,,1003,45,,,0,85,,1004,45,,,0,85,,1005,45,,,0,45,,1006,45,,,0,85,,1007,45,,,0,85,,1008,45,,,0,85,,1009,45,,,0,44,,1010,45,,,0,85,,1011,45,,,0,100,,1012,45,,,0,99,,1013,45,,,0
2900,'300',832,,1014,45,,,0,86,,1015,45,,,0,86,,1016,45,,,0,45,,1017,45,,,0,85,,1018,45,,,0,85,,1019,45,,,0,85,,1020,45,,,0,55,,1021,45,,,0,76,,1022,45,,,0,85,,1023,45,,,0,85,,1024,45,,,0,45,,1025,45,,,0,86,,1026,45,,,0,84,,1027,45,,,0,85,,1028,45,,,0,43,,1029,45,,,0,84,,1030,45,,,0,100,,1031,45,,,0
