300,'298',551,,109,29,,,0,96,,110,29,,,0,86,,111,29,,,0,85,,112,29,,,0,39,,113,29,,,0,84,,114,29,,,0,85,,115,29,,,0,85,,116,29,,,0,90,,117,29,,,0,35,,118,29,,,0,85,,119,29,,,0,95,,120,29,,,0,43,,121,29,,,0,85,,122,29,,,0,90,,123,29,,,0,79,,124,29,,,0,89,,125,29,,,0,44,,126,29,,,0,85,,127,29,,,0,85,,128,29,,,0
300,'299',856,,129,29,,,0,85,,130,29,,,0,85,,131,29,,,0,85,,132,29,,,0,45,,133,29,,,0,90,,134,29,,,0,80,,135,29,,,0,85,,136,29,,,0,90,,137,29,,,0,40,,138,29,,,0,85,,139,29,,,0,85,,140,29,,,0,45,,141,29,,,0,85,,142,29,,,0,84,,143,29,,,0,90,,144,29,,,0
300,'300',1054,,145,29,,,0,85,,146,29,,,0,85,,147,29,,,0,90,,148,29,,,0,91,,149,29,,,0,35,,150,29,,,0,85,,151,29,,,0,85,,152,29,,,0,45,,153,29,,,0,85,,154,29,,,0,85,,155,29,,,0,85,,156,29,,,0
600,'298',617,,296,4,,,0,86,,297,4,,,0,40,,298,4,,,0,80,,299,4,,,0,80,,300,4,,,0,40,,301,4,,,0,80,,302,4,,,0,30,,303,4,,,0,90,,304,4,,,0,80,,305,4,,,0,35,,306,4,,,0,85,,307,4,,,0,80,,308,4,,,0,80,,309,4,,,0,50,,310,4,,,0,75,,311,4,,,0,75,,312,4,,,0,40,,313,4,,,0
600,'299',913,,314,4,,,0,35,,315,4,,,0,80,,316,4,,,0,80,,317,4,,,0,40,,318,4,,,0,80,,319,4,,,0,80,,320,4,,,0,40,,321,4,,,0,80,,322,4,,,0,80,,323,4,,,0,40,,324,4,,,0,80,,325,4,,,0,75,,326,4,,,0
600,'300',902,,327,4,,,0,40,,328,4,,,0,80,,329,4,,,0,80,,330,4,,,0,40,,331,4,,,0,80,,332,4,,,0,80,,333,4,,,0,40,,334,4,,,0,81,,335,4,,,0,80,,336,4,,,0,40,,337,4,,,0,79,,338,4,,,0,95,,339,4,,,0
1900,'298',633,,854,4,,,0,70,,855,4,,,0,45,,856,4,,,0,85,,857,4,,,0,85,,858,4,,,0,85,,859,4,,,0,45,,860,4,,,0,85,,861,4,,,0,85,,862,4,,,0,35,,863,4,,,0,95,,864,4,,,0,85,,865,4,,,0,85,,866,4,,,0,85,,867,4,,,0,50,,868,4,,,0,80,,869,4,,,0,85,,870,4,,,0,85,,871,4,,,0,45,,872,4,,,0,95,,873,4,,,0
1900,'299',818,,874,4,,,0,100,,875,4,,,0,25,,876,4,,,0,60,,877,4,,,0,45,,878,4,,,0,85,,879,4,,,0,85,,880,4,,,0,85,,881,4,,,0,45,,882,4,,,0,85,,883,4,,,0,85,,884,4,,,0,85,,885,4,,,0,45,,886,4,,,0,85,,887,4,,,0,85,,888,4,,,0,85,,889,4,,,0,45,,890,4,,,0,85,,891,4,,,0
1900,'300',902,,892,4,,,0,45,,893,4,,,0,85,,894,4,,,0,86,,895,4,,,0,85,,896,4,,,0,45,,897,4,,,0,85,,898,4,,,0,85,,899,4,,,0,85,,900,4,,,0,45,,901,4,,,0,85,,902,4,,,0,85,,903,4,,,0,85,,904,4,,,0,45,,905,4,,,0,85,,906,4,,,0
2900,'298',604,,965,46,,,0,31,,966,46,,,0,71,,967,46,,,0,30,,968,46,,,0,70,,969,46,,,0,30,,970,46,,,0,69,,971,46,,,0,32,,972,46,,,0,70,,973,46,,,0,30,,974,46,,,0,70,,975,46,,,0,30,,976,46,,,0,70,,977,46,,,0,30,,978,46,,,0,70,,979,46,,,0,30,,980,46,,,0,70,,981,46,,,0,33,,982,46,,,0,71,,983,46,,,0,36,,984,46,,,0,67,,985,46,,,0,30,,986,46,,,0,69,,987,46,,,0,29,,988,46,,,0,68,,989,46,,,0,29,,990,46,,,0,68,,991,46,,,0,29,,992,46,,,0,98,,993,46,,,0,100,,994,46,,,0,113,,995,46,,,0
2900,'299',820,,996,46,,,0,86,,997,46,,,0,45,,998,46,,,0,85,,999,46,,,0,85,,1000,46,,,0,85,,1001,46,,,0,45,,1002,46,,,0,86,,1003,46,,,0,85,,1004,46,,,0,85,,1005,46,,,0,45,,1006,46,,,0,85,,1007,46,,,0,85,,1008,46,,,0,85,,1009,46,,,0,44,,1010,46,,,0,85,,1011,46,,,0,100,,1012,46,,,0,99,,1013,46,,,0
2900,'300',833,,1014,46,,,0,86,,1015,46,,,0,86,,1016,46,,,0,45,,1017,46,,,0,85,,1018,46,,,0,85,,1019,46,,,0,85,,1020,46,,,0,95,,1021,46,,,0,36,,1022,46,,,0,85,,1023,46,,,0,85,,1024,46,,,0,45,,1025,46,,,0,86,,1026,46,,,0,84,,1027,46,,,0,85,,1028,46,,,0,43,,1029,46,,,0,83,,1030,46,,,0,100,,1031,46,,,0
