200,2106,1,0
200,6288,2,0
200,6284,3,0
200,6282,4,0
200,6291,5,0
200,6293,6,0
200,7060,7,0
200,6170,8,0
200,6175,9,0
200,6180,10,0
200,6185,11,0
200,6190,12,0
200,6195,13,0
200,6397,14,0
200,6394,15,1
201,6394,1,0
201,6310,2,0
201,6305,3,0
201,6315,4,0
201,6320,5,0
201,6325,6,0
201,6296,7,0
201,6292,8,0
201,7065,9,0
201,7070,10,0
201,7075,11,0
201,7080,12,0
201,2106,13,1
300,3189,1,0
300,3680,2,0
300,3485,3,0
300,3480,4,0
300,3475,5,0
300,3455,6,0
300,3450,7,0
300,3445,8,0
300,3430,9,0
300,3420,10,0
300,3410,11,0
300,7100,12,0
300,7090,13,0
300,3548,14,0
300,3505,15,0
300,3370,16,0
300,3360,17,0
300,3350,18,0
300,3335,19,0
300,3075,20,0
300,3035,21,0
300,3040,22,0
300,3020,23,0
300,1543,24,0
300,1515,25,0
300,1505,26,0
300,1495,27,0
300,1485,28,0
300,2466,29,0
300,1360,30,0
300,1295,31,0
300,1305,32,0
300,2245,33,0
300,2270,34,0
300,2906,35,0
300,2325,36,0
300,2441,37,1
301,2441,1,0
301,3006,2,0
301,2275,3,0
301,2260,4,0
301,1310,5,0
301,1290,6,0
301,1370,7,0
301,2355,8,0
301,1425,9,0
301,1490,10,0
301,1500,11,0
301,1510,12,0
301,1530,13,0
301,1540,14,0
301,1545,15,0
301,3030,16,0
301,3045,17,0
301,3080,18,0
301,3340,19,0
301,3345,20,0
301,3365,21,0
301,3375,22,0
301,3500,23,0
301,3545,24,0
301,3550,25,0
301,7085,26,0
301,7095,27,0
301,3415,28,0
301,3425,29,0
301,3442,30,0
301,3443,31,0
301,3447,32,0
301,3446,33,0
301,3457,34,0
301,3483,35,0
301,3486,36,0
301,3189,37,1
400,2430,1,0
400,2335,2,0
400,2310,3,0
400,2235,4,0
400,2225,5,0
400,2160,6,0
400,2145,7,0
400,2125,8,0
400,2120,9,0
400,2075,10,0
400,2025,11,0
400,2005,12,0
400,2001,13,0
400,1985,14,0
400,1980,15,0
400,1035,16,0
400,1328,17,0
400,1053,18,1
401,1053,1,0
401,836,2,0
401,2010,3,0
401,1985,4,0
401,1980,5,0
401,2000,6,0
401,2015,7,0
401,2017,8,0
401,2070,9,0
401,2115,10,0
401,2130,11,0
401,2150,12,0
401,2155,13,0
401,2165,14,0
401,2230,15,0
401,2285,16,0
401,2282,17,0
401,2315,18,0
401,2331,19,0
401,2325,20,0
401,2430,21,1
600,2430,1,0
600,1457,2,0
600,2356,3,0
600,2466,4,0
600,1383,5,0
600,1373,6,0
600,1395,7,0
600,1268,8,0
600,1260,9,0
600,1225,10,0
600,1120,11,1
601,1120,1,0
601,1123,2,0
601,1125,3,0
601,1230,4,0
601,1265,5,0
601,1263,6,0
601,1390,7,0
601,1378,8,0
601,1388,9,0
601,2355,10,0
601,2359,11,0
601,2430,12,1
700,6395,1,0
700,6105,2,0
700,6095,3,0
700,6080,4,0
700,6230,5,0
700,6235,6,0
700,6240,7,0
700,6244,8,0
700,6265,9,0
700,6270,10,0
700,6277,11,0
700,5180,12,0
700,5170,13,0
700,5155,14,0
700,5145,15,0
700,5135,16,0
700,5130,17,0
700,877,18,0
700,3605,19,0
700,3168,20,0
700,3622,21,0
700,3628,22,0
700,3638,23,0
700,3642,24,0
700,3647,25,0
700,3325,26,0
700,3315,27,0
700,3290,28,0
700,3255,29,0
700,1537,30,0
700,1520,31,0
700,1475,32,0
700,1466,33,0
700,1460,34,0
700,1385,35,0
700,1365,36,0
700,426,37,0
700,2886,38,0
700,2324,39,0
700,2445,40,0
700,2887,41,0
700,9967,42,0
700,2240,43,0
700,2175,44,0
700,2170,45,0
700,2135,46,0
700,2085,47,0
700,827,48,0
700,7110,49,0
700,7115,50,0
700,1056,51,1
701,1056,1,0
701,1060,2,0
701,1170,3,0
701,1318,4,0
701,1180,5,0
701,1185,6,0
701,1195,7,0
701,1235,8,0
701,1315,9,0
701,9973,10,0
701,2340,11,0
701,2323,12,0
701,2887,13,0
701,2440,14,0
701,1355,15,0
701,1375,16,0
701,1380,17,0
701,1410,18,0
701,1477,19,0
701,1480,20,0
701,1525,21,0
701,1535,22,0
701,3010,23,0
701,3270,24,0
701,3285,25,0
701,3320,26,0
701,3650,27,0
701,3645,28,0
701,3640,29,0
701,3635,30,0
701,3630,31,0
701,3625,32,0
701,3620,33,0
701,3615,34,0
701,3610,35,0
701,1367,36,0
701,5125,37,0
701,5136,38,0
701,5150,39,0
701,5160,40,0
701,5175,41,0
701,5185,42,0
701,5190,43,0
701,6245,44,0
701,6238,45,0
701,6225,46,0
701,6090,47,0
701,6100,48,0
701,6397,49,0
701,6395,50,1
800,5288,1,0
800,5217,2,0
800,5213,3,0
800,6295,4,0
800,6265,5,0
800,5215,6,0
800,5220,7,0
800,5225,8,0
800,5230,9,0
800,5235,10,0
800,5240,11,0
800,5245,12,0
800,7025,13,0
800,7030,14,0
800,5011,15,0
800,5007,16,0
800,3473,17,0
800,3677,18,0
800,7125,19,0
800,3710,20,0
800,3715,21,0
800,5090,22,0
800,5100,23,0
800,5115,24,0
800,5132,25,0
800,4280,26,0
800,4260,27,0
800,4245,28,0
800,4240,29,0
800,4235,30,0
800,4143,31,0
800,4120,32,0
800,4110,33,0
800,4100,34,0
800,4090,35,0
800,4075,36,0
800,3330,37,0
800,3305,38,0
800,3295,39,0
800,3260,40,0
800,2364,41,0
800,1552,42,0
800,2365,43,0
800,2324,44,0
800,2441,45,1
801,2441,1,0
801,2323,2,0
801,2367,3,0
801,1553,4,0
801,2366,5,0
801,3000,6,0
801,3266,7,0
801,3276,8,0
801,3300,9,0
801,3310,10,0
801,4070,11,0
801,4085,12,0
801,4095,13,0
801,4105,14,0
801,4115,15,0
801,4130,16,0
801,4155,17,0
801,4230,18,0
801,4239,19,0
801,4250,20,0
801,4255,21,0
801,4270,22,0
801,7105,23,0
801,5120,24,0
801,5110,25,0
801,5105,26,0
801,5095,27,0
801,3720,28,0
801,3705,29,0
801,3484,30,0
801,3676,31,0
801,3680,32,0
801,2484,33,0
801,2913,34,0
801,2668,35,0
801,7025,36,0
801,7030,37,0
801,7040,38,0
801,7045,39,0
801,7050,40,0
801,7055,41,0
801,5190,42,0
801,5195,43,0
801,5200,44,0
801,5205,45,0
801,5210,46,0
801,5310,47,0
801,5288,48,1
1200,6394,1,0
1200,6105,2,0
1200,6095,3,0
1200,6085,4,0
1200,6065,5,0
1200,6055,6,0
1200,6050,7,0
1200,6040,8,0
1200,6005,9,0
1200,7105,10,0
1200,5120,11,0
1200,5110,12,0
1200,5105,13,0
1200,5095,14,0
1200,5085,15,0
1200,5080,16,0
1200,5070,17,0
1200,5060,18,0
1200,5050,19,0
1200,5035,20,0
1200,5025,21,0
1200,5015,22,0
1200,5000,23,0
1200,3188,24,1
1201,3188,1,0
1201,3680,2,0
1201,5005,3,0
1201,5020,4,0
1201,5030,5,0
1201,5040,6,0
1201,5045,7,0
1201,5055,8,0
1201,5065,9,0
1201,5075,10,0
1201,5087,11,0
1201,5090,12,0
1201,5100,13,0
1201,5115,14,0
1201,5132,15,0
1201,6000,16,0
1201,6035,17,0
1201,6045,18,0
1201,6060,19,0
1201,6070,20,0
1201,6075,21,0
1201,6090,22,0
1201,6100,23,0
1201,6397,24,0
1201,6394,25,1
1800,2450,1,0
1800,1457,2,0
1800,2356,3,0
1800,1425,4,0
1800,1490,5,0
1800,1500,6,0
1800,1510,7,0
1800,1530,8,0
1800,1540,9,0
1800,1545,10,0
1800,3030,11,0
1800,3045,12,0
1800,3070,13,0
1800,3085,14,0
1800,3100,15,0
1800,3110,16,0
1800,3415,17,0
1800,3425,18,0
1800,3442,19,0
1800,3443,20,0
1800,3447,21,0
1800,3446,22,0
1800,3457,23,0
1800,3483,24,0
1800,3486,25,0
1800,3490,26,0
1800,7375,27,0
1800,964,28,0
1800,963,29,0
1800,973,30,0
1800,967,31,0
1800,972,32,0
1800,968,33,0
1800,3274,34,0
1800,3265,35,1
1801,3265,1,0
1801,3275,2,0
1801,1455,3,0
1801,1472,4,0
1801,1470,5,0
1801,1468,6,0
1801,1469,7,0
1801,1456,8,0
1801,7380,9,0
1801,3191,10,0
1801,3485,11,0
1801,3480,12,0
1801,3475,13,0
1801,3455,14,0
1801,3450,15,0
1801,3445,16,0
1801,3430,17,0
1801,3420,18,0
1801,3410,19,0
1801,3105,20,0
1801,3095,21,0
1801,3090,22,0
1801,3075,23,0
1801,3035,24,0
1801,3040,25,0
1801,3020,26,0
1801,1543,27,0
1801,1515,28,0
1801,1505,29,0
1801,1495,30,0
1801,1485,31,0
1801,2359,32,0
1801,2450,33,1
1900,2430,1,0
1900,1457,2,0
1900,2356,3,0
1900,2466,4,0
1900,1360,5,0
1900,1295,6,0
1900,1270,7,0
1900,1250,8,0
1900,1240,9,0
1900,1210,10,0
1900,1200,11,0
1900,1140,12,0
1900,1093,13,0
1900,1057,14,0
1900,1052,15,1
1901,1052,1,0
1901,1113,2,0
1901,1145,3,0
1901,1205,4,0
1901,1215,5,0
1901,1245,6,0
1901,1255,7,0
1901,1275,8,0
1901,1290,9,0
1901,1370,10,0
1901,2355,11,0
1901,2359,12,0
1901,2430,13,1
2900,6395,1,0
2900,6310,2,0
2900,6305,3,0
2900,6315,4,0
2900,6320,5,0
2900,6325,6,0
2900,6330,7,0
2900,6332,8,0
2900,6335,9,0
2900,6340,10,0
2900,6345,11,0
2900,6205,12,0
2900,6210,13,0
2900,6215,14,0
2900,6220,15,0
2900,6425,16,0
2900,6420,17,0
2900,6410,18,0
2900,6405,19,0
2900,6365,20,0
2900,6370,21,0
2900,6375,22,0
2900,6380,23,0
2900,6388,24,0
2900,6390,25,0
2900,4249,26,0
2900,4231,27,0
2900,4162,28,0
2900,4164,29,0
2900,4168,30,0
2900,4185,31,0
2900,4195,32,0
2900,4205,33,0
2900,4215,34,0
2900,4223,35,0
2900,4060,36,0
2900,4040,37,0
2900,4035,38,0
2900,4025,39,0
2900,4015,40,0
2900,4005,41,0
2900,2343,42,0
2900,2445,43,0
2900,1457,44,0
2900,2356,45,0
2900,2466,46,0
2900,1360,47,0
2900,1295,48,0
2900,1305,49,0
2900,2245,50,0
2900,2270,51,0
2900,2280,52,0
2900,2235,53,0
2900,2225,54,0
2900,2160,55,0
2900,2145,56,0
2900,2125,57,0
2900,2110,58,0
2900,2095,59,0
2900,2090,60,0
2900,2060,61,0
2900,2035,62,0
2900,2040,63,0
2900,2055,64,0
2900,7110,65,0
2900,7115,66,0
2900,1054,67,1
2901,1054,1,0
2901,1060,2,0
2901,2050,3,0
2901,2045,4,0
2901,2030,5,0
2901,2065,6,0
2901,2100,7,0
2901,2105,8,0
2901,2130,9,0
2901,2150,10,0
2901,2155,11,0
2901,2165,12,0
2901,2230,13,0
2901,2285,14,0
2901,2275,15,0
2901,2260,16,0
2901,1310,17,0
2901,1290,18,0
2901,1370,19,0
2901,2355,20,0
2901,2359,21,0
2901,1450,22,0
2901,2340,23,0
2901,2342,24,0
2901,2345,25,0
2901,4000,26,0
2901,4010,27,0
2901,4020,28,0
2901,4030,29,0
2901,4045,30,0
2901,4050,31,0
2901,4220,32,0
2901,4210,33,0
2901,4200,34,0
2901,4190,35,0
2901,4180,36,0
2901,4177,37,0
2901,4169,38,0
2901,4161,39,0
2901,4232,40,0
2901,4248,41,0
2901,6125,42,0
2901,6130,43,0
2901,6135,44,0
2901,6377,45,0
2901,6140,46,0
2901,6145,47,0
2901,6150,48,0
2901,6402,49,0
2901,6247,50,0
2901,6430,51,0
2901,6355,52,0
2901,6350,53,0
2901,6200,54,0
2901,6343,55,0
2901,6160,56,0
2901,6331,57,0
2901,6165,58,0
2901,6170,59,0
2901,6175,60,0
2901,6180,61,0
2901,6185,62,0
2901,6190,63,0
2901,6195,64,0
2901,6397,65,0
2901,6395,66,1
