600,'298',616,,296,2,,,0,85,,297,2,,,0,40,,298,2,,,0,80,,299,2,,,0,80,,300,2,,,0,40,,301,2,,,0,80,,302,2,,,0,30,,303,2,,,0,90,,304,2,,,0,80,,305,2,,,0,35,,306,2,,,0,85,,307,2,,,0,80,,308,2,,,0,80,,309,2,,,0,50,,310,2,,,0,75,,311,2,,,0,75,,312,2,,,0,40,,313,2,,,0
600,'299',911,,314,2,,,0,35,,315,2,,,0,80,,316,2,,,0,80,,317,2,,,0,40,,318,2,,,0,80,,319,2,,,0,80,,320,2,,,0,40,,321,2,,,0,80,,322,2,,,0,80,,323,2,,,0,40,,324,2,,,0,80,,325,2,,,0,75,,326,2,,,0
600,'300',901,,327,2,,,0,40,,328,2,,,0,80,,329,2,,,0,80,,330,2,,,0,40,,331,2,,,0,80,,332,2,,,0,80,,333,2,,,0,40,,334,2,,,0,80,,335,2,,,0,80,,336,2,,,0,40,,337,2,,,0,80,,338,2,,,0,95,,339,2,,,0
1800,'298',546,,836,2,,,0,102,,837,2,,,0,97,,838,2,,,0,604,,839,2,,,0,69,,840,2,,,0,99,,841,2,,,0,105,,842,2,,,0,104,,843,2,,,0
1900,'298',631,,854,2,,,0,70,,855,2,,,0,45,,856,2,,,0,85,,857,2,,,0,85,,858,2,,,0,85,,859,2,,,0,45,,860,2,,,0,85,,861,2,,,0,85,,862,2,,,0,35,,863,2,,,0,95,,864,2,,,0,85,,865,2,,,0,85,,866,2,,,0,85,,867,2,,,0,50,,868,2,,,0,80,,869,2,,,0,85,,870,2,,,0,85,,871,2,,,0,45,,872,2,,,0,95,,873,2,,,0
1900,'299',816,,874,2,,,0,100,,875,2,,,0,25,,876,2,,,0,60,,877,2,,,0,45,,878,2,,,0,85,,879,2,,,0,85,,880,2,,,0,85,,881,2,,,0,45,,882,2,,,0,85,,883,2,,,0,85,,884,2,,,0,85,,885,2,,,0,45,,886,2,,,0,85,,887,2,,,0,85,,888,2,,,0,85,,889,2,,,0,45,,890,2,,,0,85,,891,2,,,0
1900,'300',901,,892,2,,,0,45,,893,2,,,0,85,,894,2,,,0,85,,895,2,,,0,85,,896,2,,,0,45,,897,2,,,0,85,,898,2,,,0,85,,899,2,,,0,85,,900,2,,,0,45,,901,2,,,0,85,,902,2,,,0,85,,903,2,,,0,85,,904,2,,,0,45,,905,2,,,0,85,,906,2,,,0
2900,'298',603,,965,44,,,0,30,,966,44,,,0,71,,967,44,,,0,30,,968,44,,,0,70,,969,44,,,0,30,,970,44,,,0,69,,971,44,,,0,32,,972,44,,,0,70,,973,44,,,0,30,,974,44,,,0,70,,975,44,,,0,30,,976,44,,,0,70,,977,44,,,0,30,,978,44,,,0,70,,979,44,,,0,30,,980,44,,,0,70,,981,44,,,0,33,,982,44,,,0,71,,983,44,,,0,36,,984,44,,,0,66,,985,44,,,0,31,,986,44,,,0,69,,987,44,,,0,29,,988,44,,,0,68,,989,44,,,0,29,,990,44,,,0,68,,991,44,,,0,30,,992,44,,,0,98,,993,44,,,0,100,,994,44,,,0,113,,995,44,,,0
2900,'299',818,,996,44,,,0,86,,997,44,,,0,45,,998,44,,,0,85,,999,44,,,0,85,,1000,44,,,0,85,,1001,44,,,0,45,,1002,44,,,0,86,,1003,44,,,0,85,,1004,44,,,0,85,,1005,44,,,0,45,,1006,44,,,0,85,,1007,44,,,0,85,,1008,44,,,0,85,,1009,44,,,0,44,,1010,44,,,0,85,,1011,44,,,0,100,,1012,44,,,0,99,,1013,44,,,0
2900,'300',831,,1014,44,,,0,86,,1015,44,,,0,86,,1016,44,,,0,45,,1017,44,,,0,85,,1018,44,,,0,85,,1019,44,,,0,85,,1020,44,,,0,55,,1021,44,,,0,76,,1022,44,,,0,85,,1023,44,,,0,85,,1024,44,,,0,45,,1025,44,,,0,86,,1026,44,,,0,84,,1027,44,,,0,85,,1028,44,,,0,43,,1029,44,,,0,84,,1030,44,,,0,100,,1031,44,,,0
