300,'298',559,,2305,4,,0,96,,2306,4,,0,86,,2307,4,,0,85,,2308,4,,0,79,,2309,4,,0,45,,2310,4,,0,85,,2311,4,,0,85,,2312,4,,0,90,,2313,4,,0,35,,2314,4,,0,85,,2315,4,,0,96,,2316,4,,0,83,,2317,4,,0,45,,2318,4,,0,90,,2319,4,,0,78,,2320,4,,0,89,,2321,4,,0,43,,2322,4,,0,85,,2323,4,,0,85,,2324,4,,0
300,'299',904,,2325,4,,0,45,,2326,4,,0,85,,2327,4,,0,85,,2328,4,,0,85,,2329,4,,0,50,,2330,4,,0,80,,2331,4,,0,85,,2332,4,,0,90,,2333,4,,0,40,,2334,4,,0,85,,2335,4,,0,85,,2336,4,,0,85,,2337,4,,0,45,,2338,4,,0,83,,2339,4,,0,90,,2340,4,,0
300,'300',1102,,2341,4,,0,45,,2342,4,,0,85,,2343,4,,0,90,,2344,4,,0,91,,2345,4,,0,35,,2346,4,,0,85,,2347,4,,0,85,,2348,4,,0,85,,2349,4,,0,45,,2350,4,,0,85,,2351,4,,0,85,,2352,4,,0
301,'298',448,,2353,,,0,80,,2354,,,0,102,,2355,,,0,85,,2356,,,0,40,,2357,,,0,85,,2358,,,0,90,,2359,,,0,85,,2360,,,0,85,,2361,,,0,35,,2362,,,0,85,,2363,,,0,85,,2364,,,0,50,,2365,,,0,85,,2366,,,0,90,,2367,,,0,80,,2368,,,0,90,,2369,,,0,45,,2370,,,0,85,,2371,,,0,85,,2372,,,0,100,,2373,,,0
301,'299',800,,2374,,,0,45,,2375,,,0,85,,2376,,,0,85,,2377,,,0,85,,2378,,,0,45,,2379,,,0,85,,2380,,,0,85,,2381,,,0,90,,2382,,,0,40,,2383,,,0,85,,2384,,,0,85,,2385,,,0,85,,2386,,,0,45,,2387,,,0,85,,2388,,,0,85,,2389,,,0,85,,2390,,,0
301,'300',1000,,2391,,,0,45,,2392,,,0,85,,2393,,,0,85,,2394,,,0,85,,2395,,,0,45,,2396,,,0,85,,2397,,,0,85,,2398,,,0,85,,2399,,,0,40,,2400,,,0,90,,2401,,,0,85,,2402,,,0,85,,2403,,,0
800,'298',625,,2818,4,,0,104,,2819,4,,0,103,,2820,4,,0,98,,2821,4,,0,100,,2822,4,,0,99,,2823,4,,0,100,,2824,4,,0,95,,2825,4,,0,111,,2826,4,,0,104,,2827,4,,0,93,,2828,4,,0,102,,2829,4,,0,102,,2830,4,,0,90,,2831,4,,0,100,,2832,4,,0,83,,2833,4,,0
800,'299',924,,2834,4,,0,101,,2835,4,,0,100,,2836,4,,0,100,,2837,4,,0,101,,2838,4,,0,100,,2839,4,,0,99,,2840,4,,0,100,,2841,4,,0,100,,2842,4,,0,100,,2843,4,,0,100,,2844,4,,0,100,,2845,4,,0
800,'300',1124,,2846,4,,0,100,,2847,4,,0,100,,2848,4,,0,100,,2849,4,,0,100,,2850,4,,0,102,,2851,4,,0,100,,2852,4,,0,98,,2853,4,,0,105,,2854,4,,0
801,'298',500,,2855,,,0,100,,2856,,,0,100,,2857,,,0,100,,2858,,,0,100,,2859,,,0,100,,2860,,,0,100,,2861,,,0,55,,2862,,,0,145,,2863,,,0,55,,2864,,,0,95,,2865,,,0,150,,2866,,,0,100,,2867,,,0,100,,2868,,,0,100,,2869,,,0,100,,2870,,,0
801,'299',800,,2871,,,0,100,,2872,,,0,100,,2873,,,0,100,,2874,,,0,100,,2875,,,0,100,,2876,,,0,100,,2877,,,0,100,,2878,,,0,100,,2879,,,0,100,,2880,,,0,100,,2881,,,0,100,,2882,,,0
801,'300',1000,,2883,,,0,100,,2884,,,0,100,,2885,,,0,100,,2886,,,0,100,,2887,,,0,100,,2888,,,0,100,,2889,,,0,100,,2890,,,0,100,,2891,,,0
