301,'298',453,,157,8,,,0,81,,158,8,,,0,102,,159,8,,,0,86,,160,8,,,0,80,,161,8,,,0,45,,162,8,,,0,90,,163,8,,,0,85,,164,8,,,0,85,,165,8,,,0,35,,166,8,,,0,85,,167,8,,,0,86,,168,8,,,0,90,,169,8,,,0,45,,170,8,,,0,90,,171,8,,,0,80,,172,8,,,0,90,,173,8,,,0,45,,174,8,,,0,84,,175,8,,,0,84,,176,8,,,0,100,,177,8,,,0
301,'299',806,,178,8,,,0,45,,179,8,,,0,85,,180,8,,,0,85,,181,8,,,0,85,,182,8,,,0,45,,183,8,,,0,85,,184,8,,,0,85,,185,8,,,0,90,,186,8,,,0,41,,187,8,,,0,85,,188,8,,,0,85,,189,8,,,0,84,,190,8,,,0,45,,191,8,,,0,85,,192,8,,,0,85,,193,8,,,0,85,,194,8,,,0
301,'300',1006,,195,8,,,0,45,,196,8,,,0,85,,197,8,,,0,85,,198,8,,,0,85,,199,8,,,0,45,,200,8,,,0,85,,201,8,,,0,85,,202,8,,,0,85,,203,8,,,0,40,,204,8,,,0,90,,205,8,,,0,85,,206,8,,,0,85,,207,8,,,0
601,'298',636,,340,10,,,0,87,,341,10,,,0,80,,342,10,,,0,40,,343,10,,,0,80,,344,10,,,0,81,,345,10,,,0,40,,346,10,,,0,70,,347,10,,,0,91,,348,10,,,0,40,,349,10,,,0,75,,350,10,,,0,85,,351,10,,,0,40,,352,10,,,0,80,,353,10,,,0,90,,354,10,,,0,35,,355,10,,,0,75,,356,10,,,0,79,,357,10,,,0
601,'299',931,,358,10,,,0,75,,359,10,,,0,40,,360,10,,,0,80,,361,10,,,0,80,,362,10,,,0,40,,363,10,,,0,80,,364,10,,,0,80,,365,10,,,0,40,,366,10,,,0,82,,367,10,,,0,80,,368,10,,,0,40,,369,10,,,0,75,,370,10,,,0
601,'300',921,,371,10,,,0,80,,372,10,,,0,40,,373,10,,,0,80,,374,10,,,0,80,,375,10,,,0,40,,376,10,,,0,80,,377,10,,,0,80,,378,10,,,0,40,,379,10,,,0,80,,380,10,,,0,80,,381,10,,,0,40,,382,10,,,0,95,,383,10,,,0
1901,'298',625,,907,12,,,0,15,,908,12,,,0,72,,909,12,,,0,20,,910,12,,,0,90,,911,12,,,0,85,,912,12,,,0,45,,913,12,,,0,85,,914,12,,,0,85,,915,12,,,0,87,,916,12,,,0,43,,917,12,,,0,84,,918,12,,,0,81,,919,12,,,0,90,,920,12,,,0,44,,921,12,,,0,85,,922,12,,,0,85,,923,12,,,0,84,,924,12,,,0,50,,925,12,,,0,80,,926,12,,,0,85,,927,12,,,0
1901,'299',805,,928,12,,,0,45,,929,12,,,0,80,,930,12,,,0,19,,931,12,,,0,85,,932,12,,,0,85,,933,12,,,0,85,,934,12,,,0,46,,935,12,,,0,60,,936,12,,,0,25,,937,12,,,0,85,,938,12,,,0,85,,939,12,,,0,45,,940,12,,,0,85,,941,12,,,0,85,,942,12,,,0,85,,943,12,,,0,25,,944,12,,,0,20,,945,12,,,0,85,,946,12,,,0,85,,947,12,,,0
1901,'300',934,,948,12,,,0,85,,949,12,,,0,15,,950,12,,,0,70,,951,12,,,0,45,,952,12,,,0,60,,953,12,,,0,25,,954,12,,,0,85,,955,12,,,0,15,,956,12,,,0,70,,957,12,,,0,45,,958,12,,,0,85,,959,12,,,0,85,,960,12,,,0,85,,961,12,,,0,45,,962,12,,,0,85,,963,12,,,0,85,,964,12,,,0
2901,'298',543,,1032,20,,,0,71,,1033,20,,,0,31,,1034,20,,,0,71,,1035,20,,,0,31,,1036,20,,,0,71,,1037,20,,,0,27,,1038,20,,,0,70,,1039,20,,,0,31,,1040,20,,,0,70,,1041,20,,,0,30,,1042,20,,,0,69,,1043,20,,,0,31,,1044,20,,,0,69,,1045,20,,,0,30,,1046,20,,,0,71,,1047,20,,,0,30,,1048,20,,,0,70,,1049,20,,,0,30,,1050,20,,,0,65,,1051,20,,,0,35,,1052,20,,,0,70,,1053,20,,,0,30,,1054,20,,,0,70,,1055,20,,,0,29,,1056,20,,,0,70,,1057,20,,,0,30,,1058,20,,,0,69,,1059,20,,,0,100,,1060,20,,,0,98,,1061,20,,,0,100,,1062,20,,,0
2901,'299',815,,1063,20,,,0,85,,1064,20,,,0,45,,1065,20,,,0,86,,1066,20,,,0,85,,1067,20,,,0,85,,1068,20,,,0,45,,1069,20,,,0,85,,1070,20,,,0,85,,1071,20,,,0,85,,1072,20,,,0,40,,1073,20,,,0,90,,1074,20,,,0,85,,1075,20,,,0,84,,1076,20,,,0,45,,1077,20,,,0,85,,1078,20,,,0,84,,1079,20,,,0,99,,1080,20,,,0
2901,'300',815,,1081,20,,,0,85,,1082,20,,,0,45,,1083,20,,,0,85,,1084,20,,,0,84,,1085,20,,,0,45,,1086,20,,,0,85,,1087,20,,,0,85,,1088,20,,,0,85,,1089,20,,,0,45,,1090,20,,,0,85,,1091,20,,,0,85,,1092,20,,,0,85,,1093,20,,,0,45,,1094,20,,,0,85,,1095,20,,,0,85,,1096,20,,,0,84,,1097,20,,,0,100,,1098,20,,,0
