700,'298',500,,2580,,,0,30,,2581,,,0,70,,2582,,,0,20,,2583,,,0,20,,2584,,,0,60,,2585,,,0,15,,2586,,,0,15,,2587,,,0,15,,2588,,,0,55,,2589,,,0,15,,2590,,,0,15,,2591,,,0,15,,2592,,,0,55,,2593,,,0,15,,2594,,,0,15,,2595,,,0,15,,2596,,,0,55,,2597,,,0,15,,2598,,,0,15,,2599,,,0,15,,2600,,,0,55,,2601,,,0,15,,2602,,,0,15,,2603,,,0,15,,2604,,,0,55,,2605,,,0,15,,2606,,,0,15,,2607,,,0,15,,2608,,,0,55,,2609,,,0,15,,2610,,,0,15,,2611,,,0,15,,2612,,,0,55,,2613,,,0,15,,2614,,,0,15,,2615,,,0,15,,2616,,,0,55,,2617,,,0,15,,2618,,,0,15,,2619,,,0,15,,2620,,,0,55,,2621,,,0,15,,2622,,,0,15,,2623,,,0,15,,2624,,,0,55,,2625,,,0,15,,2626,,,0,15,,2627,,,0,15,,2628,,,0,55,,2629,,,0,30,,2630,,,0,70,,2631,,,0,30,,2632,,,0,70,,2633,,,0,30,,2634,,,0,70,,2635,,,0,30,,2636,,,0,85,,2637,,,0
700,'299',700,,2638,,,0,100,,2639,,,0,30,,2640,,,0,70,,2641,,,0,30,,2642,,,0,70,,2643,,,0,30,,2644,,,0,70,,2645,,,0,20,,2646,,,0,20,,2647,,,0,60,,2648,,,0,20,,2649,,,0,20,,2650,,,0,60,,2651,,,0,20,,2652,,,0,20,,2653,,,0,60,,2654,,,0,20,,2655,,,0,20,,2656,,,0,60,,2657,,,0,20,,2658,,,0,20,,2659,,,0,60,,2660,,,0,30,,2661,,,0,70,,2662,,,0,30,,2663,,,0,70,,2664,,,0,30,,2665,,,0,70,,2666,,,0,30,,2667,,,0,70,,2668,,,0,30,,2669,,,0,70,,2670,,,0,30,,2671,,,0,70,,2672,,,0
700,'300',700,,2673,,,0,100,,2674,,,0,100,,2675,,,0,30,,2676,,,0,70,,2677,,,0,30,,2678,,,0,70,,2679,,,0,30,,2680,,,0,70,,2681,,,0,30,,2682,,,0,70,,2683,,,0,30,,2684,,,0,70,,2685,,,0,30,,2686,,,0,70,,2687,,,0,30,,2688,,,0,70,,2689,,,0,30,,2690,,,0,70,,2691,,,0,30,,2692,,,0,70,,2693,,,0,30,,2694,,,0,70,,2695,,,0,100,,2696,,,0,100,,2697,,,0,100,,2698,,,0
701,'298',537,,2699,4,,0,72,,2700,4,,0,35,,2701,4,,0,60,,2702,4,,0,20,,2703,4,,0,21,,2704,4,,0,57,,2705,4,,0,15,,2706,4,,0,15,,2707,4,,0,16,,2708,4,,0,55,,2709,4,,0,15,,2710,4,,0,15,,2711,4,,0,15,,2712,4,,0,56,,2713,4,,0,16,,2714,4,,0,15,,2715,4,,0,15,,2716,4,,0,55,,2717,4,,0,15,,2718,4,,0,16,,2719,4,,0,18,,2720,4,,0,56,,2721,4,,0,15,,2722,4,,0,15,,2723,4,,0,15,,2724,4,,0,55,,2725,4,,0,15,,2726,4,,0,15,,2727,4,,0,15,,2728,4,,0,55,,2729,4,,0,15,,2730,4,,0,15,,2731,4,,0,15,,2732,4,,0,55,,2733,4,,0,15,,2734,4,,0,15,,2735,4,,0,15,,2736,4,,0,55,,2737,4,,0,15,,2738,4,,0,15,,2739,4,,0,14,,2740,4,,0,55,,2741,4,,0,14,,2742,4,,0,15,,2743,4,,0,15,,2744,4,,0,54,,2745,4,,0,14,,2746,4,,0,15,,2747,4,,0,14,,2748,4,,0,69,,2749,4,,0,28,,2750,4,,0,68,,2751,4,,0,30,,2752,4,,0,67,,2753,4,,0,27,,2754,4,,0,69,,2755,4,,0,45,,2756,4,,0
701,'299',743,,2757,4,,0,101,,2758,4,,0,71,,2759,4,,0,32,,2760,4,,0,73,,2761,4,,0,30,,2762,4,,0,72,,2763,4,,0,31,,2764,4,,0,60,,2765,4,,0,21,,2766,4,,0,19,,2767,4,,0,59,,2768,4,,0,20,,2769,4,,0,20,,2770,4,,0,60,,2771,4,,0,20,,2772,4,,0,20,,2773,4,,0,60,,2774,4,,0,20,,2775,4,,0,21,,2776,4,,0,59,,2777,4,,0,20,,2778,4,,0,20,,2779,4,,0,70,,2780,4,,0,30,,2781,4,,0,68,,2782,4,,0,30,,2783,4,,0,69,,2784,4,,0,28,,2785,4,,0,69,,2786,4,,0,29,,2787,4,,0,67,,2788,4,,0,29,,2789,4,,0,69,,2790,4,,0,27,,2791,4,,0
701,'300',742,,2792,4,,0,100,,2793,4,,0,105,,2794,4,,0,70,,2795,4,,0,30,,2796,4,,0,70,,2797,4,,0,30,,2798,4,,0,71,,2799,4,,0,30,,2800,4,,0,70,,2801,4,,0,31,,2802,4,,0,70,,2803,4,,0,30,,2804,4,,0,70,,2805,4,,0,29,,2806,4,,0,69,,2807,4,,0,30,,2808,4,,0,70,,2809,4,,0,29,,2810,4,,0,70,,2811,4,,0,30,,2812,4,,0,69,,2813,4,,0,30,,2814,4,,0,100,,2815,4,,0,93,,2816,4,,0,100,,2817,4,,0
2900,'298',530,,3161,,,0,70,,3162,,,0,30,,3163,,,0,70,,3164,,,0,30,,3165,,,0,70,,3166,,,0,30,,3167,,,0,70,,3168,,,0,30,,3169,,,0,70,,3170,,,0,30,,3171,,,0,70,,3172,,,0,30,,3173,,,0,70,,3174,,,0,30,,3175,,,0,70,,3176,,,0,30,,3177,,,0,70,,3178,,,0,30,,3179,,,0,70,,3180,,,0,30,,3181,,,0,70,,3182,,,0,30,,3183,,,0,70,,3184,,,0,30,,3185,,,0,70,,3186,,,0,30,,3187,,,0,70,,3188,,,0,100,,3189,,,0,100,,3190,,,0,115,,3191,,,0
2900,'299',745,,3192,,,0,85,,3193,,,0,85,,3194,,,0,85,,3195,,,0,45,,3196,,,0,85,,3197,,,0,85,,3198,,,0,85,,3199,,,0,45,,3200,,,0,85,,3201,,,0,85,,3202,,,0,85,,3203,,,0,45,,3204,,,0,85,,3205,,,0,85,,3206,,,0,85,,3207,,,0,100,,3208,,,0,100,,3209,,,0
2900,'300',800,,3210,,,0,45,,3211,,,0,85,,3212,,,0,85,,3213,,,0,85,,3214,,,0,45,,3215,,,0,85,,3216,,,0,95,,3217,,,0,75,,3218,,,0,45,,3219,,,0,85,,3220,,,0,85,,3221,,,0,85,,3222,,,0,45,,3223,,,0,85,,3224,,,0,85,,3225,,,0,85,,3226,,,0,100,,3227,,,0
2901,'298',620,,3228,4,,0,32,,3229,4,,0,72,,3230,4,,0,32,,3231,4,,0,72,,3232,4,,0,30,,3233,4,,0,67,,3234,4,,0,30,,3235,4,,0,72,,3236,4,,0,30,,3237,4,,0,70,,3238,4,,0,29,,3239,4,,0,71,,3240,4,,0,31,,3241,4,,0,70,,3242,4,,0,72,,3243,4,,0,30,,3244,4,,0,72,,3245,4,,0,29,,3246,4,,0,24,,3247,4,,0,79,,3248,4,,0,69,,3249,4,,0,29,,3250,4,,0,70,,3251,4,,0,26,,3252,4,,0,29,,3253,4,,0,69,,3254,4,,0,29,,3255,4,,0,99,,3256,4,,0,95,,3257,4,,0,100,,3258,4,,0
2901,'299',853,,3259,4,,0,85,,3260,4,,0,86,,3261,4,,0,86,,3262,4,,0,46,,3263,4,,0,85,,3264,4,,0,86,,3265,4,,0,85,,3266,4,,0,45,,3267,4,,0,83,,3268,4,,0,82,,3269,4,,0,90,,3270,4,,0,45,,3271,4,,0,82,,3272,4,,0,85,,3273,4,,0,85,,3274,4,,0,43,,3275,4,,0,96,,3276,4,,0
2901,'300',851,,3277,4,,0,86,,3278,4,,0,85,,3279,4,,0,85,,3280,4,,0,45,,3281,4,,0,86,,3282,4,,0,85,,3283,4,,0,85,,3284,4,,0,45,,3285,4,,0,85,,3286,4,,0,85,,3287,4,,0,85,,3288,4,,0,45,,3289,4,,0,85,,3290,4,,0,84,,3291,4,,0,85,,3292,4,,0,42,,3293,4,,0,100,,3294,4,,0
