203,2106,1,0
203,6288,2,0
203,6284,3,0
203,6282,4,0
203,6291,5,0
203,6293,6,0
203,6279,7,0
203,6275,8,0
203,6273,9,0
203,6225,10,0
203,6090,11,0
203,6100,12,0
203,6397,13,0
203,6394,14,1
204,6394,1,0
204,6105,2,0
204,6095,3,0
204,6080,4,0
204,6268,5,0
204,6272,6,0
204,6278,7,0
204,6296,8,0
204,6292,9,0
204,5281,10,0
204,5283,11,0
204,5206,12,0
204,5212,13,0
204,5216,14,0
204,5265,15,0
204,1301,16,0
204,1299,17,0
204,168,18,0
204,167,19,0
204,2106,20,1
303,5005,1,0
303,5020,2,0
303,5030,3,0
303,5040,4,0
303,5045,5,0
303,5055,6,0
303,5065,7,0
303,5075,8,0
303,5087,9,0
303,5090,10,0
303,5100,11,0
303,5115,12,0
303,3600,13,0
303,3590,14,0
303,3575,15,0
303,3570,16,0
303,3555,17,0
303,3548,18,0
303,3505,19,0
303,3370,20,0
303,3360,21,0
303,3350,22,0
303,3335,23,0
303,3075,24,0
303,3035,25,0
303,3040,26,0
303,3020,27,0
303,1543,28,0
303,1515,29,0
303,1505,30,0
303,1495,31,0
303,1485,32,0
303,2466,33,0
303,1360,34,0
303,1295,35,0
303,1305,36,0
303,2245,37,0
303,2270,38,0
303,2906,39,0
303,2325,40,0
303,2430,41,1
304,2430,1,0
304,3006,2,0
304,2275,3,0
304,2260,4,0
304,1310,5,0
304,1290,6,0
304,1370,7,0
304,2355,8,0
304,1425,9,0
304,1490,10,0
304,1500,11,0
304,1510,12,0
304,1530,13,0
304,1540,14,0
304,1545,15,0
304,3030,16,0
304,3045,17,0
304,3080,18,0
304,3340,19,0
304,3345,20,0
304,3365,21,0
304,3375,22,0
304,3500,23,0
304,3545,24,0
304,3550,25,0
304,3565,26,0
304,3567,27,0
304,3580,28,0
304,3585,29,0
304,3595,30,0
304,1367,31,0
304,5120,32,0
304,5110,33,0
304,5105,34,0
304,5095,35,0
304,5085,36,0
304,5080,37,0
304,5070,38,0
304,5060,39,0
304,5050,40,0
304,5035,41,0
304,5025,42,0
304,5015,43,0
304,5000,44,0
304,2913,45,0
304,2668,46,0
304,1741,47,0
304,1748,48,0
304,2977,49,0
304,2327,50,0
304,2328,51,0
304,2330,52,0
304,2905,53,0
304,5005,54,1
403,2340,1,0
403,2323,2,0
403,1457,3,0
403,2356,4,0
403,1383,5,0
403,1373,6,0
403,1395,7,0
403,1413,8,0
403,2466,9,0
403,1360,10,0
403,1295,11,0
403,1270,12,0
403,1250,13,0
403,1240,14,0
403,1210,15,0
403,1200,16,0
403,1160,17,0
403,1155,18,0
403,1140,19,0
403,1093,20,0
403,1090,21,0
403,1085,22,0
403,1080,23,0
403,1075,24,0
403,1010,25,0
403,1035,26,0
403,1328,27,0
403,1053,28,1
404,1053,1,0
404,2010,2,0
404,2000,3,0
404,2015,4,0
404,2017,5,0
404,2070,6,0
404,2115,7,0
404,2130,8,0
404,2150,9,0
404,2155,10,0
404,2165,11,0
404,2180,12,0
404,2195,13,0
404,2210,14,0
404,2305,15,0
404,2300,16,0
404,2282,17,0
404,2315,18,0
404,2331,19,0
404,2325,20,0
404,2340,21,1
503,2445,1,0
503,2335,2,0
503,2310,3,0
503,2290,4,0
503,2295,5,0
503,2215,6,0
503,2205,7,0
503,2190,8,0
503,2185,9,0
503,2160,10,0
503,2145,11,0
503,2125,12,0
503,2120,13,0
503,2075,14,0
503,2025,15,0
503,2005,16,0
503,2001,17,0
503,1035,18,0
503,1328,19,0
503,1054,20,1
504,1054,1,0
504,2010,2,0
504,1011,3,0
504,1076,4,0
504,1082,5,0
504,1084,6,0
504,1092,7,0
504,1113,8,0
504,1145,9,0
504,1150,10,0
504,1165,11,0
504,1205,12,0
504,1215,13,0
504,1245,14,0
504,1255,15,0
504,1275,16,0
504,1290,17,0
504,1370,18,0
504,2355,19,0
504,1415,20,0
504,1411,21,0
504,1390,22,0
504,1378,23,0
504,1388,24,0
504,2359,25,0
504,1450,26,0
504,2886,27,0
504,2324,28,0
504,2450,29,1
603,2451,1,0
603,2323,2,0
603,2887,3,0
603,2440,4,0
603,1355,5,0
603,1375,6,0
603,1380,7,0
603,1358,8,0
603,1268,9,0
603,1260,10,0
603,1225,11,0
603,1120,12,1
604,1120,1,0
604,1123,2,0
604,1125,3,0
604,1230,4,0
604,1265,5,0
604,1263,6,0
604,1357,7,0
604,1385,8,0
604,1365,9,0
604,426,10,0
604,2886,11,0
604,2324,12,0
604,2451,13,1
703,6395,1,0
703,6105,2,0
703,6095,3,0
703,6080,4,0
703,6230,5,0
703,6235,6,0
703,6240,7,0
703,6244,8,0
703,6265,9,0
703,6270,10,0
703,6277,11,0
703,5180,12,0
703,5170,13,0
703,5155,14,0
703,5145,15,0
703,5135,16,0
703,5130,17,0
703,877,18,0
703,3605,19,0
703,3168,20,0
703,3622,21,0
703,3628,22,0
703,3638,23,0
703,3642,24,0
703,3647,25,0
703,3325,26,0
703,3315,27,0
703,3290,28,0
703,3255,29,0
703,1537,30,0
703,1520,31,0
703,1475,32,0
703,1466,33,0
703,1460,34,0
703,1385,35,0
703,1365,36,0
703,426,37,0
703,2886,38,0
703,2324,39,0
703,2445,40,0
703,1457,41,0
703,2356,42,0
703,2466,43,0
703,1360,44,0
703,1295,45,0
703,1305,46,0
703,2240,47,0
703,2175,48,0
703,2170,49,0
703,2140,50,0
703,2135,51,0
703,2085,52,0
703,827,53,0
703,1052,54,1
803,5288,1,0
803,5217,2,0
803,5213,3,0
803,5300,4,0
803,6295,5,0
803,6265,6,0
803,6270,7,0
803,6277,8,0
803,5180,9,0
803,5170,10,0
803,5155,11,0
803,5145,12,0
803,5135,13,0
803,5120,14,0
803,5110,15,0
803,5105,16,0
803,5095,17,0
803,3720,18,0
803,3705,19,0
803,3484,20,0
803,3673,21,0
803,3667,22,0
803,3479,23,0
803,3664,24,0
803,3663,25,0
803,3442,26,0
803,3443,27,0
803,3447,28,0
803,3446,29,0
803,3457,30,0
803,3483,31,0
803,3486,32,0
803,3473,33,0
803,3677,34,0
803,3430,35,0
803,3420,36,0
803,3410,37,0
803,3405,38,0
803,3395,39,0
803,3385,40,0
803,3383,41,0
803,3495,42,0
803,3500,43,0
803,3545,44,0
803,3550,45,0
803,3537,46,0
803,4150,47,0
803,4145,48,0
803,4125,49,0
803,4160,50,0
803,4170,51,0
803,4185,52,0
803,4195,53,0
803,4205,54,0
803,4215,55,0
803,4223,56,0
803,4007,57,0
803,2364,58,0
803,1552,59,0
803,2365,60,0
803,2324,61,0
803,2441,62,1
1201,5005,1,0
1201,5020,2,0
1201,5030,3,0
1201,5040,4,0
1201,5045,5,0
1201,5055,6,0
1201,5065,7,0
1201,5075,8,0
1201,5087,9,0
1201,5090,10,0
1201,5100,11,0
1201,5115,12,0
1201,5132,13,0
1201,6000,14,0
1201,6035,15,0
1201,6045,16,0
1201,6060,17,0
1201,6070,18,0
1201,6075,19,0
1201,6090,20,0
1201,6100,21,0
1201,6397,22,0
1201,6394,23,1
1202,6394,1,0
1202,6105,2,0
1202,6095,3,0
1202,6080,4,0
1202,6230,5,0
1202,6235,6,0
1202,6240,7,0
1202,6244,8,0
1202,6265,9,0
1202,5215,10,0
1202,5220,11,0
1202,5225,12,0
1202,5230,13,0
1202,5235,14,0
1202,5240,15,0
1202,5245,16,0
1202,5011,17,0
1202,5007,18,0
1202,2327,19,0
1202,5005,20,1
1703,6395,1,0
1703,6105,2,0
1703,6095,3,0
1703,6085,4,0
1703,6065,5,0
1703,6055,6,0
1703,6050,7,0
1703,6040,8,0
1703,6005,9,0
1703,4280,10,0
1703,4260,11,0
1703,4245,12,0
1703,4240,13,0
1703,4235,14,0
1703,4143,15,0
1703,4120,16,0
1703,4110,17,0
1703,4100,18,0
1703,4090,19,0
1703,4075,20,0
1703,3330,21,0
1703,3305,22,0
1703,3295,23,0
1703,3260,24,0
1703,1543,25,0
1703,1515,26,0
1703,1505,27,0
1703,1495,28,0
1703,1485,29,0
1703,2466,30,0
1703,1360,31,0
1703,1295,32,0
1703,1305,33,0
1703,2245,34,0
1703,2270,35,0
1703,2906,36,0
1703,2325,37,0
1703,2441,38,1
1704,2441,1,0
1704,3006,2,0
1704,2275,3,0
1704,2260,4,0
1704,1310,5,0
1704,1290,6,0
1704,1370,7,0
1704,2355,8,0
1704,1425,9,0
1704,1490,10,0
1704,1500,11,0
1704,1510,12,0
1704,1530,13,0
1704,3000,14,0
1704,3265,15,0
1704,3275,16,0
1704,3300,17,0
1704,3310,18,0
1704,4070,19,0
1704,4085,20,0
1704,4095,21,0
1704,4105,22,0
1704,4115,23,0
1704,4130,24,0
1704,4155,25,0
1704,4230,26,0
1704,4239,27,0
1704,4250,28,0
1704,4255,29,0
1704,4270,30,0
1704,6000,31,0
1704,6035,32,0
1704,6045,33,0
1704,6060,34,0
1704,6070,35,0
1704,6075,36,0
1704,6190,37,0
1704,6195,38,0
1704,6397,39,0
1704,6395,40,1
1801,1465,1,0
1801,1455,2,0
1801,3240,3,0
1801,3235,4,0
1801,3215,5,0
1801,3205,6,0
1801,3195,7,0
1801,3185,8,0
1801,3180,9,0
1801,3170,10,0
1801,3155,11,0
1801,3150,12,0
1801,3140,13,0
1801,3125,14,0
1801,3115,15,0
1801,3105,16,0
1801,3095,17,0
1801,3090,18,0
1801,3075,19,0
1801,3035,20,0
1801,3040,21,0
1801,3020,22,0
1801,1543,23,0
1801,1515,24,0
1801,1505,25,0
1801,1495,26,0
1801,1485,27,0
1801,2466,28,0
1801,1360,29,0
1801,426,30,0
1801,2315,31,0
1801,2331,32,0
1801,2325,33,0
1801,2430,34,1
1802,2430,1,0
1802,2887,2,0
1802,2440,3,0
1802,1355,4,0
1802,2355,5,0
1802,1425,6,0
1802,1490,7,0
1802,1500,8,0
1802,1510,9,0
1802,1530,10,0
1802,1540,11,0
1802,1545,12,0
1802,3030,13,0
1802,3045,14,0
1802,3070,15,0
1802,3085,16,0
1802,3100,17,0
1802,3110,18,0
1802,3120,19,0
1802,3130,20,0
1802,3135,21,0
1802,3145,22,0
1802,3160,23,0
1802,3165,24,0
1802,3175,25,0
1802,3190,26,0
1802,3200,27,0
1802,3210,28,0
1802,3220,29,0
1802,3225,30,0
1802,3245,31,0
1802,3250,32,0
1802,1465,33,1
2903,6395,1,0
2903,6310,2,0
2903,6305,3,0
2903,6315,4,0
2903,6320,5,0
2903,6325,6,0
2903,6330,7,0
2903,6332,8,0
2903,6340,9,0
2903,6345,10,0
2903,6205,11,0
2903,6210,12,0
2903,6215,13,0
2903,6220,14,0
2903,6425,15,0
2903,6420,16,0
2903,6410,17,0
2903,6405,18,0
2903,6335,19,0
2903,6337,20,0
2903,6365,21,0
2903,6370,22,0
2903,6375,23,0
2903,6380,24,0
2903,6388,25,0
2903,6390,26,0
2903,2502,27,0
2903,4249,28,0
2903,4231,29,0
2903,4159,30,0
2903,4151,31,0
2903,4157,32,0
2903,4154,33,0
2903,4156,34,0
2903,4158,35,0
2903,4162,36,0
2903,4164,37,0
2903,4168,38,0
2903,4185,39,0
2903,4195,40,0
2903,4205,41,0
2903,4215,42,0
2903,4223,43,0
2903,4065,44,0
2903,4060,45,0
2903,4040,46,0
2903,4035,47,0
2903,4025,48,0
2903,4015,49,0
2903,4005,50,0
2903,2343,51,0
2903,2445,52,0
2903,1457,53,0
2903,2356,54,0
2903,2466,55,0
2903,1360,56,0
2903,1295,57,0
2903,1305,58,0
2903,2245,59,0
2903,2270,60,0
2903,2280,61,0
2903,2235,62,0
2903,2225,63,0
2903,2160,64,0
2903,2145,65,0
2903,2125,66,0
2903,2110,67,0
2903,2095,68,0
2903,2090,69,0
2903,2060,70,0
2903,2035,71,0
2903,2040,72,0
2903,2055,73,0
2903,1056,74,1
2904,1056,1,0
2904,1060,2,0
2904,2050,3,0
2904,2045,4,0
2904,2030,5,0
2904,2065,6,0
2904,2100,7,0
2904,2105,8,0
2904,2130,9,0
2904,2150,10,0
2904,2155,11,0
2904,2165,12,0
2904,2230,13,0
2904,2285,14,0
2904,2275,15,0
2904,2260,16,0
2904,1310,17,0
2904,1290,18,0
2904,1370,19,0
2904,2355,20,0
2904,2359,21,0
2904,1450,22,0
2904,2340,23,0
2904,2342,24,0
2904,2345,25,0
2904,4000,26,0
2904,4010,27,0
2904,4020,28,0
2904,4030,29,0
2904,4045,30,0
2904,4050,31,0
2904,4220,32,0
2904,4210,33,0
2904,4200,34,0
2904,4190,35,0
2904,4180,36,0
2904,4177,37,0
2904,4169,38,0
2904,4161,39,0
2904,4159,40,0
2904,4151,41,0
2904,4157,42,0
2904,4158,43,0
2904,4232,44,0
2904,4248,45,0
2904,2502,46,0
2904,6125,47,0
2904,6130,48,0
2904,6135,49,0
2904,6377,50,0
2904,6140,51,0
2904,6145,52,0
2904,6150,53,0
2904,6402,54,0
2904,6247,55,0
2904,6430,56,0
2904,6355,57,0
2904,6350,58,0
2904,6200,59,0
2904,6343,60,0
2904,6155,61,0
2904,6160,62,0
2904,6331,63,0
2904,6163,64,0
2904,6165,65,0
2904,6170,66,0
2904,6175,67,0
2904,6180,68,0
2904,6185,69,0
2904,6190,70,0
2904,6195,71,0
2904,6397,72,0
2904,6395,73,1
7001,1465,1,0
7001,1455,2,0
7001,1472,3,0
7001,1470,4,0
7001,1468,5,0
7001,1469,6,0
7001,1456,7,0
7001,7380,8,0
7001,2327,9,0
7001,2328,10,0
7001,2330,11,0
7001,2905,12,0
7001,2484,13,0
7001,2913,14,0
7001,2668,15,0
7001,1741,16,0
7001,1748,17,0
7001,2977,18,1
7002,2977,1,0
7002,2327,2,0
7002,2905,3,0
7002,7375,4,0
7002,964,5,0
7002,963,6,0
7002,973,7,0
7002,967,8,0
7002,972,9,0
7002,968,10,0
7002,1465,11,1
